-4.804288321167883	11.934544008483565	0.08977272725105284	0	26.8804881812734
-4.804288321167883	11.77229586426299	0.06664772742869808	0	6.67010110429635
-4.804288321167883	11.763282078472958	0.10172176338644587	0	25.137483463161
-4.804288321167883	11.411744432661717	0.19297118950825112	0	11.6584509893617
-4.804288321167883	11.312592788971369	0.09825528120994567	0	7.76202006233304
-4.795164233576642	11.62807529162248	0.06487603368946152	0	6.64158286307924
-4.795164233576642	11.619061505832448	0.3512471329464632	0	26.9110425021075
-4.795164233576642	11.610047720042417	0.09235537278418447	0	9.6336784727422
-4.795164233576642	11.411744432661717	0.14918044225374855	0	6.86011053988651
-4.795164233576642	11.402730646871685	0.0523255281495113	0	6.1216788465055
-4.795164233576642	11.330620360551432	0.057293388179704266	0	5.0941410107247
-4.795164233576642	11.3216065747614	0.32864325005400413	0	12.8923674808058
-4.795164233576642	11.312592788971369	0.4583155420293995	0	8.2790731166719
-4.795164233576642	11.303579003181337	0.25976526711968817	0	6.15933874367912
-4.795164233576642	10.988096500530222	0.05907197026177948	0	14.4324888894116
-4.795164233576642	10.68162778366914	0.06120523397595275	0	6.59687773424354
-4.786040145985401	11.736240721102863	0.08155647387224085	0	10.6889819345175
-4.786040145985401	11.62807529162248	0.10485537276548498	0	7.84673626604108
-4.786040145985401	11.619061505832448	0.30839417209812237	0	7.38917413061685
-4.786040145985401	11.610047720042417	0.14192493176927753	0	37.880752674342
-4.786040145985401	11.303579003181337	0.08069559235666313	0	23.1142982138917
-4.786040145985401	10.943027571580062	0.1519559232674393	0	16.0544355363582
-4.786040145985401	10.68162778366914	0.07634354910196042	0	17.6264924411526
-4.776916058394161	11.736240721102863	0.12899449036635602	0	31.0779731216862
-4.776916058394161	11.619061505832448	0.15541092780524612	0	8.24286333900485
-4.776916058394161	11.610047720042417	0.0911432515593136	0	8.21290269895566
-4.776916058394161	10.663600212089076	0.10100550990946151	0	14.2584384548974
-4.76779197080292	12.06073700954401	0.10107610164904127	0	13.1324694127445
-4.76779197080292	12.051723223753978	0.19285296114753275	0	15.6880401860057
-4.76779197080292	11.619061505832448	0.09136880228566188	0	17.5633048360974
-4.76779197080292	10.672613997879107	0.37472394498189293	0	10.2265353859281
-4.76779197080292	10.663600212089076	0.44941976676735235	0	9.52293903921135
-4.758667883211679	11.96158536585366	0.0566666668209375	0	7.82527165350273
-4.758667883211679	11.691171792152703	0.06765840291041955	0	10.6937798663331
-4.758667883211679	11.619061505832448	0.15452479355475482	0	9.34086475127154
-4.758667883211679	11.53793743372216	0.1514468564005459	0	12.5425979564792
-4.758667883211679	11.528923647932128	0.11902892638655269	0	6.37216924910762
-4.758667883211679	10.672613997879107	0.05444214893322365	0	5.5324959116447
-4.758667883211679	10.663600212089076	0.12432506989030276	0	61.0199563061418
-4.749543795620438	11.53793743372216	0.06405647361512276	0	72.477014009525
-4.749543795620438	11.528923647932128	0.12665920611923817	0	9.77632422073983
-4.749543795620438	11.276537645811242	0.07085399519228468	2	7.48490148122599
-4.749543795620438	10.68162778366914	0.050020661536385035	0	7.46632560825713
-4.740419708029197	12.051723223753978	0.13491735440609504	0	6.31671336908367
-4.740419708029197	10.78077942735949	0.16148760365504844	0	197.868553212486
-4.740419708029197	10.771765641569457	0.21836891643206274	0	52.7083627832997
-4.740419708029197	10.672613997879107	0.09037190233024894	0	14.2972693381978
-4.740419708029197	10.663600212089076	0.16365128699938458	0	9.47052498088655
-4.731295620437956	11.835392364793213	0.1500550971218184	0	16.2770966856998
-4.731295620437956	11.82637857900318	0.20937155706274738	0	24.4921550164094
-4.731295620437956	11.682158006362673	0.08981405095960579	0	6.6533889824986
-4.731295620437956	11.501882290562033	0.06241735599555222	0	12.4883610167021
-4.731295620437956	11.3216065747614	0.07090909087424183	1	24.1085431834715
-4.731295620437956	10.771765641569457	0.31554235623864574	0	8.61807390261967
-4.731295620437956	10.762751855779426	0.39029614399928675	0	10.0554773865406
-4.731295620437956	10.74472428419936	0.062458677754682654	0	44.3544401854289
-4.731295620437956	10.68162778366914	0.08686065203068302	0	32.136274959717
-4.731295620437956	10.672613997879107	0.488308655981924	0	6.99036119878672
-4.731295620437956	10.663600212089076	0.5916064049309375	0	12.5602112506671
-4.7221715328467155	11.934544008483565	0.05901515167834712	0	88.3545490020792
-4.7221715328467155	11.925530222693533	0.14216253547107469	0	7.25689300403952
-4.7221715328467155	11.880461293743371	0.09988980728037215	0	30.7798515698881
-4.7221715328467155	11.781309650053021	0.15198060282538922	0	23.771568841287
-4.7221715328467155	11.682158006362673	0.05553604248458264	0	7.83008729319639
-4.7221715328467155	11.501882290562033	0.08428489507880865	0	6.25829228813606
-4.7221715328467155	11.492868504772002	0.22456668959411924	0	7.96288912879485
-4.7221715328467155	11.48385471898197	0.11725264057926102	0	7.11571725927569
-4.7221715328467155	11.3216065747614	0.11667584975093019	1	7.51937643089802
-4.7221715328467155	10.78077942735949	0.09034435359636943	0	14.3239631016933
-4.7221715328467155	10.771765641569457	0.1289807165931253	0	10.3601492831488
-4.7221715328467155	10.762751855779426	0.06513372380125756	0	10.7896767871678
-4.7221715328467155	10.753738069989392	0.09079201108801598	0	12.4823651582634
-4.7221715328467155	10.717682926829266	0.1626406113166435	0	38.7904381813033
-4.7221715328467155	10.708669141039234	0.05965564781544254	0	14.8868047812137
-4.7221715328467155	10.663600212089076	0.15039198887581917	0	6.80816915209684
-4.713047445255474	11.997640509013786	0.2427685939564424	0	5.44480118345511
-4.713047445255474	11.781309650053021	0.05767906342768202	0	36.7340905525738
-4.713047445255474	11.583006362672322	0.05739669477238374	0	6.80949352943687
-4.713047445255474	11.492868504772002	0.1066391189659343	0	15.0526542819607
-4.703923357664234	10.934013785790032	0.10696281034806195	2	42.9481126897177
-4.694799270072993	11.781309650053021	0.09462121178122128	0	15.5859449067918
-4.694799270072993	11.77229586426299	0.058538796219171255	0	6.5628174167356
-4.685675182481752	12.105805938494168	0.1175855145781648	0	9.44971523649854
-4.685675182481752	12.096792152704136	0.07201790703979194	0	9.13162809938288
-4.685675182481752	11.078234358430539	0.2821757348238253	0	9.22053621411902
-4.6765510948905105	11.078234358430539	0.10115989520970511	0	14.671759058591
-4.6674270072992705	12.051723223753978	0.0738911853350845	1	9.82950463104497
-4.6674270072992705	12.042709437963946	0.07862947666411305	1	12.8068360694108
-4.6674270072992705	11.889475079533403	0.13105831187379124	0	6.87366458174758
-4.6674270072992705	11.619061505832448	0.09018021124484493	0	11.1933729346741
-4.6674270072992705	11.610047720042417	0.23116391317517143	0	9.18688305397347
-4.6674270072992705	11.601033934252385	0.06776859552720015	0	7.46838052346587
-4.6674270072992705	11.348647932131495	0.14528925704488568	2	5.90100125747211
-4.65830291970803	12.051723223753978	0.1404132237387638	1	11.6522088858062
-4.65830291970803	12.042709437963946	0.43105601480895395	1	11.5257204999379
-4.65830291970803	11.799337221633087	0.12182506847381591	0	5.99096604967582
-4.65830291970803	11.67314422057264	0.05556473909172357	0	6.23128044468797
-4.65830291970803	11.610047720042417	0.07884125351905821	0	10.2057871886708
-4.649178832116789	12.042709437963946	0.19882575699394828	1	10.5226157657131
-4.649178832116789	12.033695652173915	0.06173553789830675	1	12.1818533238601
-4.649178832116789	11.67314422057264	0.05904556934038798	0	7.12777853755278
-4.649178832116789	11.231468716861084	0.09544077251471725	1	11.3690606695208
-4.649178832116789	11.22245493107105	0.057597566903806206	1	7.15076624022396
-4.649178832116789	10.816834570519617	0.10313016535721573	1	13.0581875634046
-4.640054744525547	12.033695652173915	0.23660640706735497	1	10.7631009397214
-4.640054744525547	11.736240721102863	0.14177686047086527	2	8.8310851733564
-4.640054744525547	11.348647932131495	0.05920798919715133	1	10.9692905735525
-4.640054744525547	11.339634146341464	0.06495179066938513	1	7.63844702044228
-4.640054744525547	11.231468716861084	0.15001377483442718	1	11.3811795991519
-4.640054744525547	11.22245493107105	0.17663165847927914	1	13.5665067688597
-4.640054744525547	10.816834570519617	0.20206611656207665	1	16.4786383440822
-4.630930656934306	12.033695652173915	0.11294823365117987	1	7.08180930601281
-4.630930656934306	12.015668080593851	0.050048209396063116	1	8.70218730260669
-4.630930656934306	11.22245493107105	0.0650413226707309	1	6.21364171776818
-4.630930656934306	10.852889713679746	0.17545397175059596	1	6.74987704366347
-4.630930656934306	10.843875927889712	0.05765495916441375	1	5.36712912378762
-4.630930656934306	10.83486214209968	0.07118686837308548	1	30.9426471183401
-4.630930656934306	10.825848356309649	0.4549098951302323	1	29.2499135179718
-4.630930656934306	10.816834570519617	0.21420569424068225	1	9.74285499991086
-4.621806569343066	12.033695652173915	0.09802341668746051	1	7.5261416635303
-4.621806569343066	11.72722693531283	0.07169421488163519	1	8.51918372016616
-4.621806569343066	11.501882290562033	0.0681204091754614	0	8.52966879670956
-4.621806569343066	10.843875927889712	0.21332185551231983	1	22.7963374182371
-4.621806569343066	10.83486214209968	0.1926388911452948	1	19.2204437821718
-4.621806569343066	10.762751855779426	0.08526113385312697	0	6.02467254318201
-4.6126824817518255	12.024681866383883	0.15944961056054807	1	10.9414328031976
-4.6126824817518255	11.862433722163306	0.07908459589060615	1	7.76763591099282
-4.6126824817518255	11.492868504772002	0.08293560594670911	0	8.05519334152982
-4.6126824817518255	11.186399787910924	0.05814049542651456	2	5.75402129972302
-4.6126824817518255	10.83486214209968	0.1256663227969525	1	7.44580759839064
-4.603558394160584	12.024681866383883	0.08557966078963933	1	6.38372819707441
-4.603558394160584	11.862433722163306	0.05132231502906949	1	9.89713146842431
-4.603558394160584	10.717682926829266	0.07641184586169672	0	7.98463509909646
-4.594434306569343	12.042709437963946	0.08666724087210262	1	18.039936450165
-4.594434306569343	11.81736479321315	0.06757805382504183	2	57.4983799807169
-4.594434306569343	11.72722693531283	0.05407196964937098	1	6.72396679497241
-4.594434306569343	11.26752386002121	0.18378730605162827	2	5.97950237095505
-4.585310218978103	11.72722693531283	0.06169478933016459	1	22.0128250623015
-4.585310218978103	11.096261930010604	0.06248622638104009	2	11.5602653232607
-4.585310218978103	10.771765641569457	0.14537993585362155	0	16.411216093546
-4.585310218978103	10.762751855779426	0.1541184573547513	0	60.1346997898356
-4.585310218978103	10.753738069989392	0.13784435257257202	0	18.3225686828556
-4.576186131386862	11.799337221633087	0.21761708010879216	1	33.6654606390789
-4.576186131386862	11.781309650053021	0.060041322834351485	1	7.19678683444198
-4.576186131386862	11.664130434782606	0.08330578575882255	1	6.01251164678555
-4.576186131386862	11.528923647932128	0.1522359977048986	0	8.34400621217713
-4.576186131386862	11.519909862142097	0.07017217733345779	0	9.83929194227075
-4.576186131386862	10.771765641569457	0.07454143678440767	0	8.35353334589728
-4.567062043795621	12.105805938494168	0.07748450408729853	0	9.20139607262321
-4.567062043795621	12.06073700954401	0.06059458324955959	2	5.23445046738459
-4.567062043795621	11.979612937433723	0.07183367768455953	1	43.7616164642441
-4.567062043795621	11.970599151643691	0.05959136867055707	1	6.69893531226012
-4.567062043795621	11.907502651113466	0.10213498723273182	1	7.99408380683034
-4.567062043795621	11.799337221633087	0.11482093668918984	1	6.39109131235089
-4.567062043795621	10.717682926829266	0.08643595097579207	0	8.10816890543303
-4.557937956204379	12.024681866383883	0.07033746609033323	1	9.6216359900942
-4.557937956204379	11.916516436903501	0.08888429791319605	1	8.94014805027181
-4.557937956204379	11.907502651113466	0.09679063318289961	1	6.96696730917495
-4.557937956204379	11.62807529162248	0.05026859567679611	1	10.0792931416501
-4.557937956204379	11.583006362672322	0.07308539921629661	1	20.6506993808763
-4.557937956204379	11.57399257688229	0.18207874336429672	1	8.98377071230966
-4.557937956204379	11.330620360551432	0.12743113087205324	1	10.2450512231991
-4.557937956204379	11.3216065747614	0.1739147150095771	1	7.70391951678086
-4.54881386861314	12.024681866383883	0.09951101935611052	1	9.50823520405353
-4.54881386861314	12.015668080593851	0.2645288112537534	1	11.9182300221978
-4.54881386861314	12.006654294803818	0.11888659385138867	1	13.232161914225
-4.54881386861314	11.700185577942737	0.061239670201843864	1	5.28834119022443
-4.54881386861314	11.646102863202543	0.09827307188744637	1	8.06677291376431
-4.54881386861314	11.637089077412512	0.05219008262484681	1	44.0925610663546
-4.54881386861314	11.583006362672322	0.4959940332571665	1	7.07132274011099
-4.54881386861314	11.57399257688229	0.40398875129924094	1	11.1693756658298
-4.54881386861314	11.37568928950159	0.05081267252155378	2	12.8870837457083
-4.54881386861314	11.330620360551432	0.1333614566232644	1	29.5879059640478
-4.54881386861314	11.3216065747614	0.15952307130308713	1	5.8395211756509
-4.539689781021897	12.006654294803818	0.0628340226435194	1	36.3142320595492
-4.539689781021897	11.664130434782606	0.19834481170598198	2	5.7613611880723
-4.539689781021897	11.583006362672322	0.06244145988950541	1	5.68038601736447
-4.539689781021897	11.57399257688229	0.13092343853501714	1	7.76763591099282
-4.539689781021897	11.348647932131495	0.07548209381571003	1	10.9958781170339
-4.530565693430657	11.366675503711559	0.08157139617321538	1	8.29138819923389
-4.530565693430657	11.357661717921527	0.12092286529260524	1	16.979999127587
-4.530565693430657	11.348647932131495	0.14760273313522337	1	11.8910870561449
-4.530565693430657	10.83486214209968	0.06732093706785462	0	7.53610824522268
-4.521441605839415	10.897958642629906	0.07564680970883836	2	12.4007567572364
-4.512317518248176	11.880461293743371	0.15371786192819184	2	10.9435683255596
-4.512317518248176	11.799337221633087	0.054862259855457375	2	6.33192707231066
-4.512317518248176	11.72722693531283	0.0948530760091894	1	9.20139607262321
-4.512317518248176	11.7182131495228	0.14040461527132522	1	5.57012842524725
-4.512317518248176	11.709199363732766	0.06135043625738107	1	8.47846559108852
-4.512317518248176	11.53793743372216	0.06201102004331701	1	9.88808472665759
-4.512317518248176	11.528923647932128	0.06339531737682866	1	72.997787791681
-4.512317518248176	10.83486214209968	0.07882920164220474	0	6.44671293375693
-4.512317518248176	10.825848356309649	0.06451101965997734	0	10.7587073557778
-4.503193430656934	11.72722693531283	0.2769473156555026	1	180.27867883107
-4.503193430656934	11.7182131495228	0.22233987612350314	1	43.2439280922973
-4.503193430656934	11.123303287380699	0.05142734205021578	2	10.2613908843282
-4.494069343065694	11.384703075291622	0.07381600118618387	2	7.59024235515428
-4.475821167883212	11.81736479321315	0.07160755312676523	1	6.85380618782174
-4.475821167883212	11.48385471898197	0.09432736554800294	1	9.19113644236061
-4.475821167883212	11.474840933191938	0.0839118457588495	1	6.80816915209684
-4.475821167883212	10.952041357370096	0.2286587457002378	1	6.07831831980483
-4.475821167883212	10.943027571580062	0.08781680414723415	1	7.44167294828597
-4.46669708029197	11.691171792152703	0.13026170910105986	2	38.2104002262429
-4.46669708029197	11.474840933191938	0.16679752290950103	1	56.7429457634562
-4.46669708029197	11.231468716861084	0.05804579938626757	1	87.4088362503196
-4.46669708029197	10.952041357370096	0.253113522940991	1	12.0414759671489
-4.45757299270073	12.024681866383883	0.057713499106612866	0	20.0461557156811
-4.45757299270073	11.754268292682926	0.13177284268771905	0	19.0543794502988
-4.45757299270073	11.258510074231179	0.05120523430319394	2	5.96957676339688
-4.448448905109489	11.898488865323435	0.10363980630332348	0	10.4462060362533
-4.448448905109489	11.87144750795334	0.0911111101356207	0	10.8011569326654
-4.448448905109489	11.77229586426299	0.09643250755702748	0	14.2990498425048
-4.448448905109489	11.763282078472958	0.10416896215139651	0	6.48854852644555
-4.439324817518249	11.970599151643691	0.1036088155858657	0	5.28613809732754
-4.430200729927007	11.916516436903501	0.06716253449402602	0	8.84306725454062
-4.430200729927007	11.907502651113466	0.05475206645329794	0	6.33245331950989
-4.430200729927007	11.411744432661717	0.14083390644017385	1	7.54480192283483
-4.430200729927007	11.402730646871685	0.220943527544246	1	7.93748180665137
-4.430200729927007	11.393716861081653	0.21272842141693715	1	6.62857798240385
-4.430200729927007	11.294565217391305	0.12018308119680368	1	14.5044070659861
-4.430200729927007	11.22245493107105	0.06330578608606377	1	22.3691148439787
-4.430200729927007	11.213441145281019	0.10873278245738908	1	12.1081578143702
-4.430200729927007	11.204427359490987	0.05862603324067358	1	57.2215517939026
-4.430200729927007	11.132317073170734	0.13482839761995802	2	36.6411640142536
-4.421076642335766	11.402730646871685	0.4158511251374787	1	10.0554773865406
-4.421076642335766	11.393716861081653	0.2740128567733017	1	14.3239631016933
-4.421076642335766	11.384703075291622	0.09351239752301982	1	6.56341888781677
-4.421076642335766	11.37568928950159	0.07478650127205193	1	7.83791562323933
-4.421076642335766	11.22245493107105	0.05344410050149058	1	13.8871334010475
-4.421076642335766	10.97908271474019	0.1425487837464202	2	5.0941410107247
-4.421076642335766	10.663600212089076	0.0723622589859308	0	12.3664947138135
-4.411952554744525	11.844406150583243	0.06317493163370617	0	90.8248751187831
-4.411952554744525	11.402730646871685	0.25240759917334016	1	7.61892006923444
-4.411952554744525	11.384703075291622	0.08244719861067977	1	9.41941059003444
-4.411952554744525	11.37568928950159	0.24882518194703493	1	6.71661353745368
-4.4028284671532845	11.366675503711559	0.08497933952481138	1	6.81979567813101
-4.4028284671532845	10.68162778366914	0.1306542703965131	0	7.8522421260227
-4.393704379562044	12.033695652173915	0.09536730940201701	0	6.73139848357713
-4.393704379562044	11.528923647932128	0.06278925623613245	1	15.4832662656953
-4.393704379562044	11.366675503711559	0.27247991436603025	1	8.24567090723803
-4.384580291970803	11.81736479321315	0.0973553721671011	0	6.61942759898675
-4.384580291970803	11.528923647932128	0.06764577585575628	1	9.56487573083612
-4.384580291970803	11.37568928950159	0.3968130163304947	1	6.89823175044763
-4.384580291970803	11.366675503711559	0.2986598938493168	1	15.6972473845438
-4.384580291970803	11.357661717921527	0.06409779597263711	1	16.5141475321025
-4.375456204379562	12.078764581124073	0.053868801794800095	0	9.6263497045124
-4.375456204379562	11.37568928950159	0.17064623392796982	1	10.9158607479776
-4.375456204379562	11.366675503711559	0.10180440828379463	1	10.3832040694602
-4.375456204379562	11.186399787910924	0.18449208074457507	1	7.06994886835499
-4.375456204379562	11.177386002120892	0.10915518911679585	1	7.03532182011937
-4.375456204379562	11.123303287380699	0.20264462840323355	1	9.74797800495262
-4.375456204379562	11.114289501590667	0.07293904968804002	1	8.39920730190749
-4.375456204379562	11.078234358430539	0.057714073045580995	1	6.25423295377173
-4.375456204379562	10.888944856839872	0.2593537650295332	2	7.22270017004042
-4.375456204379562	10.789793213149522	0.061003214822095975	2	25.3228643539785
-4.366332116788321	12.078764581124073	0.05398760339793037	0	11.0558292034429
-4.366332116788321	11.979612937433723	0.12476584173651303	0	10.5137649666642
-4.366332116788321	11.81736479321315	0.05070649724380642	0	10.248621292454
-4.366332116788321	11.37568928950159	0.1132638875830407	1	6.6298251134401
-4.366332116788321	11.366675503711559	0.17312901837218042	1	6.88394981410867
-4.366332116788321	11.294565217391305	0.06407024821113136	1	7.5665626315642
-4.366332116788321	11.285551431601274	0.15840909209905887	1	39.1616270594733
-4.366332116788321	11.186399787910924	0.2699007127425249	1	11.3499488248256
-4.366332116788321	11.177386002120892	0.3831531215555527	1	14.2972693381978
-4.366332116788321	11.16837221633086	0.29369031210506663	1	8.55468149480157
-4.366332116788321	11.159358430540829	0.221023302527035	1	20.2438588790536
-4.366332116788321	11.150344644750797	0.1992257822822122	1	9.62446655693528
-4.366332116788321	11.141330858960766	0.11581439521733453	1	6.22753978869931
-4.366332116788321	11.087248144220572	0.08112947667813768	1	23.525316823046
-4.366332116788321	11.042179215270412	0.1390134311236587	1	19.7818613768153
-4.35720802919708	12.033695652173915	0.09656737920817207	0	29.0893155907441
-4.35720802919708	11.655116648992577	0.0500350093420814	2	6.28194883875694
-4.35720802919708	11.366675503711559	0.15559056561600929	1	9.89713146842431
-4.35720802919708	11.186399787910924	0.5826796356322718	1	35.3848592853887
-4.35720802919708	11.177386002120892	0.7234865680021398	1	32.8504731650702
-4.35720802919708	11.16837221633086	0.6005733468298818	1	29.3551329761755
-4.35720802919708	11.159358430540829	0.33562959278331084	1	6.08474211746654
-4.35720802919708	11.150344644750797	0.3045293830142302	1	6.36993729878399
-4.35720802919708	11.141330858960766	0.2287471303004845	1	9.25422285673875
-4.35720802919708	11.132317073170734	0.12235881462751652	1	8.12041165484553
-4.35720802919708	11.042179215270412	0.11568870469635609	1	11.2672369581049
-4.348083941605839	12.078764581124073	0.05752525273491356	0	6.25829228813606
-4.348083941605839	12.051723223753978	0.052809917908088824	0	7.76137580145127
-4.348083941605839	11.898488865323435	0.07574380186492322	0	82.8791588743741
-4.348083941605839	11.889475079533403	0.13484159857619044	0	8.57168272139237
-4.348083941605839	11.186399787910924	0.3062126957388485	1	18.039936450165
-4.348083941605839	11.177386002120892	0.7653724766899558	1	10.5494353107043
-4.348083941605839	11.16837221633086	0.7001147823707731	1	23.255689073991
-4.348083941605839	11.159358430540829	0.24186180168039653	1	9.47680309291321
-4.348083941605839	11.150344644750797	0.06667355406518076	1	156.702767368366
-4.348083941605839	11.141330858960766	0.09873967012237099	1	18.6539511409076
-4.348083941605839	11.132317073170734	0.21389979396146885	1	10.3837315010171
-4.338959854014599	12.006654294803818	0.11222337036039313	0	19.9104476906983
-4.338959854014599	11.907502651113466	0.19358987725949756	0	6.27904406546567
-4.338959854014599	11.898488865323435	0.5302318641251208	0	15.6880401860057
-4.338959854014599	11.889475079533403	0.2819346871656529	0	39.4988155957241
-4.338959854014599	11.82637857900318	0.07553719008670133	0	13.796278851866
-4.338959854014599	11.339634146341464	0.06312729606908911	1	14.5411364185014
-4.338959854014599	11.330620360551432	0.1073892325887493	1	106.774876494606
-4.338959854014599	11.186399787910924	0.07927628589611427	1	6.80269916404544
-4.338959854014599	11.177386002120892	0.5686174233427235	1	7.03378283730753
-4.338959854014599	11.16837221633086	0.44487718109056057	1	6.39027357263875
-4.338959854014599	11.141330858960766	0.19807392145605646	1	26.9737449639954
-4.338959854014599	11.132317073170734	0.12269398617744445	1	5.53266996745687
-4.338959854014599	11.123303287380699	0.08943583614685957	1	7.94973492563326
-4.338959854014599	11.096261930010604	0.055828168130388434	1	42.9251944913619
-4.338959854014599	11.087248144220572	0.07310606084150426	1	18.7140515086816
-4.338959854014599	11.078234358430539	0.22641012457305307	1	7.88680381309572
-4.338959854014599	11.069220572640509	0.05103018850906223	1	16.979999127587
-4.338959854014599	10.825848356309649	0.11499598288068584	2	8.51918372016616
-4.329835766423358	12.1148197242842	0.14590220421903274	0	11.2373598468715
-4.329835766423358	12.087778366914105	0.15712236053803388	0	9.653304605065
-4.329835766423358	12.015668080593851	0.08555096417314867	0	9.97163408738998
-4.329835766423358	11.916516436903501	0.0560066571188908	0	9.80588091169238
-4.329835766423358	11.907502651113466	0.24924185054442466	0	7.0593775638564
-4.329835766423358	11.898488865323435	0.23766988210117113	0	6.21593031257052
-4.329835766423358	11.889475079533403	0.140564738072601	0	22.3483126821928
-4.329835766423358	11.77229586426299	0.10221590916315715	0	7.37823268313335
-4.329835766423358	11.312592788971369	0.1273743110731536	2	7.15361461215624
-4.329835766423358	11.204427359490987	0.16761822673386223	1	10.4925058877838
-4.329835766423358	11.195413573700955	0.1674735988401899	1	38.071344313422
-4.329835766423358	11.186399787910924	0.5102634299035166	1	45.495929474796
-4.329835766423358	11.177386002120892	0.6032558563830804	1	6.37354395432163
-4.329835766423358	11.150344644750797	0.3436518598163829	1	5.4700599020367
-4.329835766423358	11.141330858960766	0.6123823438906202	1	11.6094556414953
-4.329835766423358	11.132317073170734	0.3595018380295997	1	11.5923530433183
-4.329835766423358	11.123303287380699	0.11543675445575338	1	6.00588482114964
-4.329835766423358	10.807820784729586	0.05079947228057711	1	11.6914659403259
-4.329835766423358	10.798806998939554	0.05006887106334462	1	13.0880994110583
-4.329835766423358	10.708669141039234	0.10660181319012363	0	8.85385522504627
-4.320711678832117	11.880461293743371	0.05312672189637725	0	10.7443248415608
-4.320711678832117	11.790323435843053	0.0517148758617102	0	33.6654606390789
-4.320711678832117	11.781309650053021	0.09574380259887846	0	7.94973492563326
-4.320711678832117	11.77229586426299	0.19692837603419433	0	6.22309205033055
-4.320711678832117	11.564978791092258	0.12916092818858577	1	317.946220955582
-4.320711678832117	11.249496288441147	0.10237832913211749	1	10.8009707603881
-4.320711678832117	11.240482502651115	0.1328443540311327	1	5.88850565853586
-4.320711678832117	11.231468716861084	0.05284435310083276	1	20.7031672032014
-4.320711678832117	11.22245493107105	0.12777548252367504	1	6.11663055033529
-4.320711678832117	11.213441145281019	0.266000919267243	1	7.41709531545246
-4.320711678832117	11.204427359490987	0.5698513565156973	1	13.0847889668628
-4.320711678832117	11.195413573700955	0.7281921500411688	1	29.7017161316764
-4.320711678832117	11.186399787910924	0.7180572764078775	1	10.2259156245613
-4.320711678832117	11.177386002120892	0.6816339571709725	1	29.974896324479
-4.320711678832117	11.159358430540829	0.20717171723234884	1	12.0322653633596
-4.320711678832117	11.150344644750797	0.655783976236979	1	14.4452664496339
-4.320711678832117	11.141330858960766	0.6262970629299386	1	10.9435683255596
-4.320711678832117	11.132317073170734	0.24363578977771838	1	6.12301667569974
-4.320711678832117	11.123303287380699	0.10122589581152971	1	12.1859409941123
-4.320711678832117	10.798806998939554	0.26743801720002114	1	7.97036627936424
-4.320711678832117	10.708669141039234	0.17582874235919882	0	8.53873343541022
-4.311587591240876	12.024681866383883	0.1734561527944079	0	14.0136580716317
-4.311587591240876	11.970599151643691	0.11991104232096206	0	6.83588706305513
-4.311587591240876	11.57399257688229	0.128639806803535	1	7.08143161078192
-4.311587591240876	11.564978791092258	0.052203857178781544	1	6.80949352943687
-4.311587591240876	11.37568928950159	0.07143250720173705	1	4.98642217222331
-4.311587591240876	11.249496288441147	0.32786214583995293	1	7.46632560825713
-4.311587591240876	11.240482502651115	0.186676424148036	1	7.44134059145207
-4.311587591240876	11.231468716861084	0.30109848814384604	1	6.17551544099975
-4.311587591240876	11.22245493107105	0.4010738045327803	1	12.0427681396467
-4.311587591240876	11.213441145281019	0.5803426304611505	1	8.97524257247275
-4.311587591240876	11.204427359490987	0.7013303488937079	1	8.2668211971368
-4.311587591240876	11.195413573700955	0.7124770439746333	1	7.61040892062598
-4.311587591240876	11.186399787910924	0.7812035161186668	1	24.1478438236821
-4.311587591240876	11.177386002120892	0.6569869173835305	1	16.5141475321025
-4.311587591240876	11.16837221633086	0.3175981413616854	1	8.19879860539432
-4.311587591240876	11.159358430540829	0.5883212829851637	1	13.0726839094812
-4.311587591240876	11.150344644750797	0.49612488574607705	1	6.87653368748833
-4.311587591240876	11.141330858960766	0.4807013300400155	1	46.1138231635994
-4.311587591240876	11.132317073170734	0.19494605224740275	1	29.7055008306034
-4.302463503649635	12.033695652173915	0.053753443853527885	0	6.90415691482238
-4.302463503649635	11.26752386002121	0.10698060162862141	1	18.3225686828556
-4.302463503649635	11.258510074231179	0.2989353777287053	1	9.27328260145113
-4.302463503649635	11.249496288441147	0.5728271317201502	1	17.7844805510707
-4.302463503649635	11.240482502651115	0.5486398082807952	1	7.0521837284455
-4.302463503649635	11.231468716861084	0.45021694351645075	1	7.14041865302437
-4.302463503649635	11.22245493107105	0.650524564780441	1	8.39920730190749
-4.302463503649635	11.213441145281019	0.7488929042442172	1	10.2497606109683
-4.302463503649635	11.204427359490987	0.7825086113424862	1	8.34400621217713
-4.302463503649635	11.195413573700955	0.7123278220681583	1	31.0779731216862
-4.302463503649635	11.186399787910924	0.7626848054025688	1	9.84443656189992
-4.302463503649635	11.177386002120892	0.6671826238445207	1	31.6015138873192
-4.302463503649635	11.16837221633086	0.5198565192877078	1	6.27260264079766
-4.302463503649635	11.159358430540829	0.16588154356152404	1	7.49684104201682
-4.302463503649635	11.141330858960766	0.10056990451438755	1	8.60862564000402
-4.302463503649635	11.132317073170734	0.2882690549738266	1	7.95853083889383
-4.293339416058394	12.042709437963946	0.06894628076459847	0	19.5354141132979
-4.293339416058394	11.601033934252385	0.07242309466530295	2	13.8670864091224
-4.293339416058394	11.276537645811242	0.08635502827868743	1	10.9486942525613
-4.293339416058394	11.26752386002121	0.246826792791778	1	7.01902146233167
-4.293339416058394	11.258510074231179	0.4936776845455171	1	10.2138568158268
-4.293339416058394	11.249496288441147	0.5211013537014233	1	6.47792574543848
-4.293339416058394	11.240482502651115	0.5691328027014638	1	7.72232923915284
-4.293339416058394	11.231468716861084	0.6050487843681784	1	11.1694112954182
-4.293339416058394	11.22245493107105	0.6917343874164656	1	12.3875573981963
-4.293339416058394	11.213441145281019	0.7204574145522772	1	62.4177380171132
-4.293339416058394	11.204427359490987	0.7442648099357007	1	10.5977244493018
-4.293339416058394	11.195413573700955	0.6547176313961253	1	17.6039670817507
-4.293339416058394	11.186399787910924	0.7831536969951555	1	5.33536422667425
-4.293339416058394	11.177386002120892	0.7770316821827608	1	6.94758112620105
-4.293339416058394	11.16837221633086	0.41688590382594687	1	5.99175642569163
-4.293339416058394	11.159358430540829	0.4281313143758213	1	7.18248073574838
-4.293339416058394	11.141330858960766	0.2737327826537338	1	17.295347650042
-4.293339416058394	11.132317073170734	0.508984735287872	1	9.12544206200108
-4.293339416058394	11.060206786850475	0.09640094182070563	2	17.9092930034976
-4.284215328467154	12.051723223753978	0.17715564797438824	0	77.7383775919201
-4.284215328467154	12.042709437963946	0.09578053335115022	0	85.5962140792429
-4.284215328467154	11.970599151643691	0.07169478859620934	0	11.970232938138
-4.284215328467154	11.682158006362673	0.08410468383396372	2	95.6441354469816
-4.284215328467154	11.348647932131495	0.21367481642610886	2	8.61321374579039
-4.284215328467154	11.26752386002121	0.08554407751793953	1	7.13980193490469
-4.284215328467154	11.258510074231179	0.3456910027148677	1	16.7657580290807
-4.284215328467154	11.249496288441147	0.4415576226945017	1	7.98463509909646
-4.284215328467154	11.240482502651115	0.3783763776666978	1	55.5161967269606
-4.284215328467154	11.231468716861084	0.5067028249946295	1	8.45663096584877
-4.284215328467154	11.22245493107105	0.5979137949850044	1	6.31671336908367
-4.284215328467154	11.213441145281019	0.5016293622559191	1	66.7346938711498
-4.284215328467154	11.204427359490987	0.6902117763220096	1	12.8072958399027
-4.284215328467154	11.195413573700955	0.7481123715568991	1	11.9000407931807
-4.284215328467154	11.186399787910924	0.7411134076585957	1	6.79819413383868
-4.284215328467154	11.177386002120892	0.7136604718974991	1	12.1417942384017
-4.284215328467154	11.16837221633086	0.4401629947213566	1	11.1329330655583
-4.284215328467154	11.159358430540829	0.371736109565286	1	8.71020902381102
-4.284215328467154	11.150344644750797	0.5348611111360437	1	11.0004671421285
-4.284215328467154	11.141330858960766	0.5025631310332056	1	106.774876494606
-4.284215328467154	11.132317073170734	0.5155297286463718	1	12.917895337123
-4.284215328467154	11.123303287380699	0.11343663905181138	1	8.29087210523311
-4.275091240875913	12.051723223753978	0.06209366390751857	0	19.3703705853035
-4.275091240875913	11.970599151643691	0.16603305901265614	0	11.7714541623994
-4.275091240875913	11.249496288441147	0.06798898103190405	1	7.87219067474244
-4.275091240875913	11.240482502651115	0.3053236939860325	1	11.2928677929809
-4.275091240875913	11.231468716861084	0.2743394164010591	1	6.0074680864072
-4.275091240875913	11.204427359490987	0.1432920113731833	1	6.72396679497241
-4.275091240875913	11.195413573700955	0.7306617294760313	1	7.24410841402853
-4.275091240875913	11.186399787910924	0.7039881761962292	1	167.726367527871
-4.275091240875913	11.177386002120892	0.6990071159811582	1	11.4225416868781
-4.275091240875913	11.16837221633086	0.5538797070372338	1	8.44588832666897
-4.275091240875913	11.159358430540829	0.6857874186272715	1	19.3703705853035
-4.275091240875913	11.150344644750797	0.7855796593684776	1	96.0961312996295
-4.275091240875913	11.141330858960766	0.5273186422142329	1	62.645837651603
-4.275091240875913	11.132317073170734	0.09287419698752608	1	8.07862229253103
-4.275091240875913	11.006124072110286	0.056301652735354854	2	8.46059738940978
-4.275091240875913	10.771765641569457	0.06498852123466192	2	6.22309205033055
-4.275091240875913	10.68162778366914	0.07667871933824875	0	7.24653000951882
-4.265967153284672	12.051723223753978	0.12118457361763599	0	42.1640284086069
-4.265967153284672	11.240482502651115	0.22102043221043605	1	5.57949057019062
-4.265967153284672	11.231468716861084	0.11472968352542205	1	12.4883610167021
-4.265967153284672	11.204427359490987	0.07568181891534842	1	8.27412674482168
-4.265967153284672	11.195413573700955	0.7220431594848633	1	9.35241055460948
-4.265967153284672	11.186399787910924	0.7896608123779296	1	9.88808472665759
-4.265967153284672	11.177386002120892	0.7648238062391094	1	7.71753808494741
-4.265967153284672	11.16837221633086	0.710699608335308	1	23.6223363765125
-4.265967153284672	11.159358430540829	0.7559090883591596	1	8.95047449422139
-4.265967153284672	11.150344644750797	0.7628541087730258	1	6.99813645084225
-4.265967153284672	11.141330858960766	0.4394777339673509	1	13.1416814465377
-4.265967153284672	11.132317073170734	0.06209366409918841	1	13.7647377750449
-4.265967153284672	10.825848356309649	0.06077134951423198	2	7.85244105571129
-4.265967153284672	10.68162778366914	0.07273014294399935	0	25.3838477366448
-4.265967153284672	10.672613997879107	0.40763085636438107	0	5.6553702938354
-4.265967153284672	10.663600212089076	0.09137511461856317	0	8.30327394845664
-4.256843065693429	11.880461293743371	0.1759647607195611	0	18.8145315918502
-4.256843065693429	11.790323435843053	0.054508149492974375	2	18.7271799860083
-4.256843065693429	11.646102863202543	0.16127008668581647	1	13.7448506249445
-4.256843065693429	11.637089077412512	0.19358069410511095	1	6.69822015512732
-4.256843065693429	11.22245493107105	0.07973829212843205	1	9.92744663032829
-4.256843065693429	11.204427359490987	0.2123599641556833	1	6.27109555295504
-4.256843065693429	11.195413573700955	0.7241574833720338	1	9.11040841480778
-4.256843065693429	11.186399787910924	0.7343153134514303	1	11.7003185304441
-4.256843065693429	11.177386002120892	0.5949896704542871	1	13.022031695371
-4.256843065693429	11.16837221633086	0.7031594363941867	1	125.909440800036
-4.256843065693429	11.159358430540829	0.7444295218645357	1	8.26916019977911
-4.256843065693429	11.150344644750797	0.5243772967469458	1	37.2043206664618
-4.256843065693429	11.141330858960766	0.27122933786523107	1	9.44321989351934
-4.256843065693429	11.060206786850475	0.100599174265768	1	7.5152685028636
-4.256843065693429	10.68162778366914	0.32876894001399765	0	8.75959955466661
-4.256843065693429	10.672613997879107	0.5124185054068472	0	31.1844442362945
-4.256843065693429	10.663600212089076	0.13827020311355592	0	9.49509499668283
-4.24771897810219	12.051723223753978	0.10042011010880565	0	8.43080066928525
-4.24771897810219	12.006654294803818	0.13810720928042544	0	17.3804333852996
-4.24771897810219	11.997640509013786	0.20822314055293215	0	5.35843377316429
-4.24771897810219	11.420758218451748	0.1811036506213394	2	5.38922461390063
-4.24771897810219	11.231468716861084	0.16048668518720885	1	10.1369717036045
-4.24771897810219	11.22245493107105	0.5208075085808249	1	7.7501082732988
-4.24771897810219	11.213441145281019	0.15532254523856967	1	7.85677108907898
-4.24771897810219	11.204427359490987	0.26181244133967974	1	7.86905519352745
-4.24771897810219	11.195413573700955	0.6152955704109342	1	242.6441536126
-4.24771897810219	11.186399787910924	0.6225154944775152	1	8.93179672105958
-4.24771897810219	11.177386002120892	0.7357397830439548	1	11.2020446966878
-4.24771897810219	11.16837221633086	0.7126681568669337	1	11.1745857174635
-4.24771897810219	11.159358430540829	0.7601354454077927	1	8.26944929115757
-4.24771897810219	11.150344644750797	0.6406336086497587	1	30.6608809407027
-4.24771897810219	11.141330858960766	0.24391069892808503	1	49.1645631416548
-4.24771897810219	11.060206786850475	0.09497933959960937	1	7.08199157631181
-4.24771897810219	10.672613997879107	0.08537362275871577	0	17.4765288343365
-4.238594890510949	12.015668080593851	0.05051652937309414	0	6.9525806280039
-4.238594890510949	12.006654294803818	0.11066115688342675	0	46.1138231635994
-4.238594890510949	11.294565217391305	0.07404958727780508	2	26.5935636914596
-4.238594890510949	11.231468716861084	0.21136822787453147	1	6.89280784618771
-4.238594890510949	11.22245493107105	0.5355039014629289	1	10.0132929051911
-4.238594890510949	11.213441145281019	0.5016431374643363	1	76.2509544090837
-4.238594890510949	11.204427359490987	0.5526411836287555	1	10.2369283376938
-4.238594890510949	11.195413573700955	0.28941632313354343	1	9.45152806239851
-4.238594890510949	11.186399787910924	0.7383103760364009	1	5.1855450148469
-4.238594890510949	11.177386002120892	0.7550866627412685	1	6.59344380373245
-4.238594890510949	11.16837221633086	0.7252439161936441	1	18.3225686828556
-4.238594890510949	11.159358430540829	0.4529780748638451	1	21.868895505841
-4.238594890510949	11.150344644750797	0.19208046403118204	1	13.5117627935429
-4.229470802919709	11.81736479321315	0.06842975221428219	1	6.28601571757666
-4.229470802919709	11.22245493107105	0.11359331967316422	1	17.2694306790137
-4.229470802919709	11.213441145281019	0.10246556584040323	1	18.3658895197902
-4.229470802919709	11.204427359490987	0.1140736908538669	1	22.9971866474011
-4.229470802919709	11.195413573700955	0.2140909068958432	1	19.7189815771325
-4.229470802919709	11.186399787910924	0.7477852407343247	1	193.00529098509
-4.229470802919709	11.177386002120892	0.7723966978484509	1	18.0660911751775
-4.229470802919709	11.16837221633086	0.33284091033187563	1	18.2712357496902
-4.229470802919709	11.150344644750797	0.11760101095367881	1	16.5141475321025
-4.229470802919709	10.897958642629906	0.14250573974029696	2	96.8544136307647
-4.220346715328466	11.880461293743371	0.14654901239918725	1	11.06758368956
-4.220346715328466	11.285551431601274	0.052437442643969656	1	32.216533249039
-4.220346715328466	11.186399787910924	0.5161644869832431	1	10.9958781170339
-4.220346715328466	11.177386002120892	0.5394415736525667	1	18.6539511409076
-4.220346715328466	11.16837221633086	0.054850780533809276	1	13.0903847462048
-4.211222627737227	11.880461293743371	0.06287190089973749	1	9.47052498088655
-4.211222627737227	11.285551431601274	0.05809228610992432	1	6.48766887333913
-4.211222627737227	11.186399787910924	0.3294094349823746	1	7.43327770774351
-4.211222627737227	11.177386002120892	0.39649449020741034	1	8.51437636361976
-4.202098540145985	12.069750795334041	0.06744375567810208	0	9.9852383128106
-4.202098540145985	12.051723223753978	0.05497417348038917	0	105.751917372156
-4.202098540145985	11.384703075291622	0.14704545435250976	2	24.7414597732473
-4.202098540145985	11.159358430540829	0.05017217667897542	2	8.79244744741381
-4.192974452554745	12.078764581124073	0.05242653806536805	0	18.4154654400715
-4.192974452554745	12.069750795334041	0.37594811673257866	0	8.1074433063556
-4.192974452554745	12.06073700954401	0.14344409978155997	0	22.8104861230948
-4.192974452554745	11.763282078472958	0.08192148803262149	1	6.78026140948907
-4.183850364963503	12.078764581124073	0.23067665287092617	0	9.31021846831722
-4.183850364963503	12.069750795334041	0.46718893728069233	0	8.24567090723803
-4.183850364963503	12.06073700954401	0.07183367723109675	0	5.85989289327301
-4.183850364963503	11.925530222693533	0.20784148288240617	1	7.24684514815585
-4.183850364963503	11.81736479321315	0.09324380239318399	2	10.2497606109683
-4.183850364963503	11.754268292682926	0.06291724077860514	1	6.28652422853572
-4.183850364963503	11.348647932131495	0.08301652968163582	1	19.8901094836668
-4.1747262773722635	12.069750795334041	0.1680406327715107	0	15.6307875536046
-4.1747262773722635	12.06073700954401	0.166352732405943	0	7.28314678384855
-4.1747262773722635	11.925530222693533	0.2665587687445622	1	11.2483884552032
-4.1747262773722635	11.72722693531283	0.14587752493690043	2	34.8273933028195
-4.1747262773722635	11.303579003181337	0.09178432020019082	2	27.6117866844871
-4.1747262773722635	11.240482502651115	0.05423725918695038	1	6.63163360766557
-4.1747262773722635	11.231468716861084	0.1925849410272112	1	6.63258861141662
-4.1747262773722635	11.16837221633086	0.12225895334692563	1	11.1093036938736
-4.165602189781021	11.81736479321315	0.31209366263127797	1	17.6264924411526
-4.165602189781021	11.763282078472958	0.09371441702749214	1	51.8789489057157
-4.165602189781021	11.231468716861084	0.06276859543370265	1	5.59577185936715
-4.165602189781021	11.159358430540829	0.17387626306683407	1	85.5962140792429
-4.156478102189782	11.934544008483565	0.05312672121852052	2	10.8470222954732
-4.156478102189782	11.763282078472958	0.06929293004671733	1	57.2215517939026
-4.156478102189782	11.16837221633086	0.12266873302179224	1	9.10722166463539
-4.156478102189782	11.159358430540829	0.22408976076630985	1	8.19413976063058
-4.156478102189782	11.150344644750797	0.10396694178674737	1	7.49684104201682
-4.156478102189782	11.141330858960766	0.11949322795867923	1	17.8722304771863
-4.156478102189782	10.816834570519617	0.18784148281228313	2	7.5152685028636
-4.156478102189782	10.762751855779426	0.05791437074249865	1	7.7445840357384
-4.156478102189782	10.74472428419936	0.09779614441067563	0	6.46685939122488
-4.147354014598539	12.1148197242842	0.1292671034382839	0	6.78647752370112
-4.147354014598539	12.105805938494168	0.06789141386630489	0	10.3562819668994
-4.147354014598539	12.042709437963946	0.22300447645374372	0	21.0097282358707
-4.1382299270073	12.087778366914105	0.07879189664242316	0	5.8950808140186
-4.1382299270073	12.051723223753978	0.05050275576348399	0	7.42285659836747
-4.1382299270073	12.042709437963946	0.46818353796472734	0	12.1753803646074
-4.1382299270073	12.033695652173915	0.35865817270559414	0	8.78190740056201
-4.1382299270073	11.474840933191938	0.13733471032684924	1	12.5642078480332
-4.1382299270073	11.204427359490987	0.10402376073949475	1	10.4855038590173
-4.129105839416058	11.474840933191938	0.10679579936289318	1	8.78966410493404
-4.129105839416058	11.204427359490987	0.13740358045989393	1	13.0536940913448
-4.129105839416058	11.195413573700955	0.07612545980659187	1	5.97950237095505
-4.1199817518248185	12.096792152704136	0.10002008743847117	0	18.3658895197902
-4.1199817518248185	11.3216065747614	0.17585399396746765	1	6.0761403889819
-4.1199817518248185	11.303579003181337	0.05376721750521192	1	6.08474211746654
-4.1199817518248185	11.294565217391305	0.10140495892599517	1	38.4758147867677
-4.1199817518248185	11.258510074231179	0.06775482107611264	2	8.17836182969636
-4.1199817518248185	11.195413573700955	0.05487890339365191	1	21.910635320514
-4.1199817518248185	11.087248144220572	0.05166264986524395	1	40.2756215738644
-4.110857664233576	12.096792152704136	0.10213154308468689	0	20.3278683325497
-4.110857664233576	11.087248144220572	0.26240472935695275	1	16.0393446395133
-4.110857664233576	11.078234358430539	0.1160078052632949	1	8.07266063054343
-4.101733576642336	11.366675503711559	0.11987144208421893	1	6.5589056706469
-4.101733576642336	11.357661717921527	0.19452479306389298	1	5.92413392878616
-4.101733576642336	11.087248144220572	0.0837190093573402	1	11.5174623454385
-4.101733576642336	11.078234358430539	0.06525998604531383	1	148.560193832512
-4.101733576642336	11.069220572640509	0.061494490062489214	1	10.8959729548612
-4.101733576642336	10.997110286320254	0.05133608771772946	1	7.29905805320542
-4.101733576642336	10.988096500530222	0.07461432585061765	1	12.7550663957752
-4.092609489051094	10.816834570519617	0.052681358496348064	2	11.0742652044537
-4.092609489051094	10.753738069989392	0.20108930210038728	0	6.75609766659838
-4.092609489051094	10.74472428419936	0.06947658406051933	0	12.0472680784148
-4.083485401459854	11.709199363732766	0.0775344350711972	2	25.5182797331832
-4.083485401459854	11.501882290562033	0.08875860911724613	1	7.23131765635212
-4.083485401459854	11.492868504772002	0.24632001960978783	1	8.24286333900485
-4.083485401459854	11.303579003181337	0.13700585351738276	2	7.58243869974035
-4.083485401459854	10.753738069989392	0.20459710715798768	0	11.6029983473279
-4.0743613138686126	12.06073700954401	0.12226239723317764	0	9.75739590050895
-4.0743613138686126	12.051723223753978	0.18111799797357292	0	10.7969340348559
-4.0743613138686126	11.997640509013786	0.06088842960899952	0	54.4422771107608
-4.0743613138686126	11.853419936373276	0.14267217586087247	1	11.4225416868781
-4.0743613138686126	11.844406150583243	0.1345247940222422	1	32.136274959717
-4.0743613138686126	11.790323435843053	0.1438533062654383	2	51.9489043818687
-4.0743613138686126	11.664130434782606	0.05608815518547509	2	9.79501424967261
-4.0743613138686126	11.501882290562033	0.08190427041521259	1	6.02737627642904
-4.0743613138686126	11.492868504772002	0.11341196070932873	1	8.60862564000402
-4.065237226277373	11.853419936373276	0.25893135893111136	1	11.3853080354764
-4.065237226277373	11.844406150583243	0.3218296602146299	1	16.4854237533414
-4.065237226277373	11.835392364793213	0.06232782372773864	1	47.5785359261331
-4.065237226277373	10.879931071049839	0.0890335167202295	1	26.9854023676389
-4.056113138686131	11.015137857900319	0.05204143801389956	1	25.8218694065338
-4.056113138686131	11.006124072110286	0.1464026634506151	1	26.3090596838855
-4.056113138686131	10.915986214209969	0.20978650063626905	1	193.00529098509
-4.056113138686131	10.906972428419936	0.05326446295252033	1	8.1613163983665
-4.056113138686131	10.762751855779426	0.051184573229621444	1	10.2237332729074
-4.046989051094891	12.105805938494168	0.12105142385819379	0	87.8800458730893
-4.046989051094891	12.096792152704136	0.06854683162651812	0	16.8287333863085
-4.046989051094891	11.970599151643691	0.13101756228185168	0	14.9608399797531
-4.046989051094891	11.96158536585366	0.07322314038931155	1	142.445345707455
-4.046989051094891	11.015137857900319	0.25913223237617344	1	7.56344265615285
-4.046989051094891	11.006124072110286	0.4161283307729984	1	10.178304485154
-4.046989051094891	10.789793213149522	0.05201790604404374	2	7.97740922899476
-4.037864963503649	12.1148197242842	0.16020948161330875	0	11.8856694314
-4.037864963503649	12.096792152704136	0.06591597811381023	0	19.1986499369088
-4.037864963503649	11.997640509013786	0.05376033104167266	0	6.12781378466347
-4.037864963503649	11.555965005302225	0.0696235081354777	1	5.26685644171943
-4.037864963503649	11.438785790031812	0.06707300238983303	1	6.79808853168454
-4.037864963503649	11.42977200424178	0.20264807327588397	1	18.7095528147838
-4.037864963503649	11.339634146341464	0.0663154270321715	1	10.6057887087032
-4.037864963503649	11.240482502651115	0.07423553767858768	1	6.05498852878498
-4.037864963503649	11.231468716861084	0.09889807221468758	1	6.31109759987523
-4.037864963503649	11.195413573700955	0.13371269512644002	1	10.0792931416501
-4.037864963503649	11.186399787910924	0.07688705232096651	1	7.20290949182147
-4.037864963503649	11.015137857900319	0.06963039492158327	1	8.58774491706371
-4.037864963503649	10.852889713679746	0.07340220391516591	2	24.9063116519647
-4.028740875912408	12.1148197242842	0.09607437945814692	0	5.39798154638403
-4.028740875912408	11.997640509013786	0.06314049521147039	0	9.80687222787355
-4.028740875912408	11.564978791092258	0.06821625347230947	1	30.1558067472859
-4.028740875912408	11.42977200424178	0.11535353565216062	1	6.81720500279091
-4.028740875912408	11.339634146341464	0.05604683203790702	1	10.8959729548612
-4.028740875912408	10.988096500530222	0.057741046919542204	2	9.61139867257493
-4.0196167883211675	12.1148197242842	0.057073003207936	0	12.6607056233889
-4.010492700729927	12.024681866383883	0.05299586759829054	0	7.06994886835499
-4.010492700729927	11.745254506892895	0.056744145856184126	1	23.8956977728209
-4.010492700729927	11.736240721102863	0.12435778282202925	1	10.455483218801
-4.001368613138686	12.015668080593851	0.14526342919293572	0	7.16948893343735
-4.001368613138686	12.006654294803818	0.07304120805684258	0	11.2928677929809
-4.001368613138686	11.799337221633087	0.10978018833609186	1	5.75579824480502
-4.001368613138686	11.510896076352065	0.06407024841215096	1	5.85903063258263
-4.001368613138686	11.501882290562033	0.18402433656243716	1	6.07551989447126
-4.001368613138686	10.97908271474019	0.06624540891366847	1	92.6329986048804
-4.001368613138686	10.717682926829266	0.09420913743972778	2	7.18853655989747
-3.992244525547445	11.799337221633087	0.17327421970928414	1	12.5492263409085
-3.9831204379562046	11.844406150583243	0.05026170798843982	2	5.7575672115473
-3.9831204379562046	11.384703075291622	0.16916437158397601	2	6.24510995285867
-3.9831204379562046	10.943027571580062	0.2544794546435861	1	13.1175489801467
-3.9831204379562046	10.934013785790032	0.05496556484465505	1	5.99294874775031
-3.9739963503649633	11.637089077412512	0.1837149928784838	0	38.4758147867677
-3.9739963503649633	11.62807529162248	0.0709297521909078	0	8.68951189656486
-3.9739963503649633	11.285551431601274	0.09468319678774069	1	25.4401400029895
-3.9739963503649633	11.276537645811242	0.09609905862808228	1	7.21334477920435
-3.9739963503649633	11.195413573700955	0.09682564308129105	1	7.41709531545246
-3.9739963503649633	11.186399787910924	0.07426997348374012	1	15.5510469470103
-3.9557481751824817	12.105805938494168	0.26980084849338903	0	6.69129420377157
-3.9557481751824817	12.06073700954401	0.056598370121974585	0	15.5054445730539
-3.9557481751824817	12.051723223753978	0.1838085396383323	0	11.8626940047087
-3.9557481751824817	11.006124072110286	0.0736989208202736	2	11.4642517796475
-3.9557481751824817	10.708669141039234	0.05186696567254908	2	8.32795064500936
-3.9466240875912413	12.105805938494168	0.05573806222279866	0	9.13266139244694
-3.9466240875912413	11.601033934252385	0.08630853954483482	0	6.16345408401309
-3.9466240875912413	11.285551431601274	0.05973197916442272	2	9.4404827748985
-3.9375	11.781309650053021	0.06909779576226775	0	6.15933874367912
-3.9375	11.087248144220572	0.19817378346125283	2	45.1424435385774
-3.9375	10.924999999999999	0.09249196618678521	1	6.28601571757666
-3.9375	10.879931071049839	0.12690943621186648	2	5.77982959919546
-3.9283759124087587	10.924999999999999	0.13691460006844766	1	6.48161773432582
-3.9192518248175174	11.303579003181337	0.05855544099620744	1	20.4309520206243
-3.9192518248175174	10.78077942735949	0.07610078011307062	2	7.8603508981338
-3.9192518248175174	10.74472428419936	0.07297520615072813	1	6.19975908744647
-3.9192518248175174	10.663600212089076	0.05734848584380805	0	8.44754594326395
-3.910127737226278	11.880461293743371	0.10234159890343161	0	52.7083627832997
-3.910127737226278	11.87144750795334	0.07348140496833652	0	53.3585746929316
-3.910127737226278	11.339634146341464	0.06336776890941695	1	7.38664496343524
-3.910127737226278	11.330620360551432	0.2695764474681779	1	33.0707539973719
-3.910127737226278	11.186399787910924	0.057851240719065965	2	32.7475488205717
-3.910127737226278	10.843875927889712	0.05087465638272902	1	7.90571684919351
-3.9010036496350367	11.970599151643691	0.06816402655021817	0	12.6140424573886
-3.9010036496350367	11.303579003181337	0.1476779156105191	1	9.31827907233907
-3.9010036496350367	11.294565217391305	0.09966540443663503	1	10.9018718245477
-3.8918795620437954	11.637089077412512	0.09946281004887	0	61.8484806103112
-3.8918795620437954	11.62807529162248	0.1515863172680724	0	6.73727884486956
-3.8918795620437954	11.402730646871685	0.10909779599601148	0	11.3853080354764
-3.8918795620437954	11.312592788971369	0.12701561099407718	1	7.73441544771588
-3.8918795620437954	11.303579003181337	0.15594065679755864	1	6.31864895245401
-3.8918795620437954	10.906972428419936	0.10047061593392315	2	7.52218495394103
-3.8918795620437954	10.789793213149522	0.0816942156015658	1	10.9486942525613
-3.8918795620437954	10.78077942735949	0.13779384796292177	1	7.73401653509106
-3.8918795620437954	10.771765641569457	0.14017906246933282	1	15.9017745625518
-3.882755474452554	11.862433722163306	0.07382231410811929	0	8.20939569795238
-3.882755474452554	11.637089077412512	0.10641873285349679	0	19.7160647400295
-3.882755474452554	11.62807529162248	0.051584021717894314	0	6.68274665367474
-3.882755474452554	10.825848356309649	0.251487605562397	1	6.17111917618956
-3.882755474452554	10.816834570519617	0.10071280971227907	1	12.1802182772498
-3.8736313868613137	11.150344644750797	0.07626090472819756	2	13.508011814066
-3.8736313868613137	11.033165429480382	0.07919765890813342	2	17.4765288343365
-3.8645072992700733	12.069750795334041	0.05883666181096844	0	6.96803224035974
-3.8645072992700733	10.888944856839872	0.09352330130221796	1	8.06564039830703
-3.855383211678832	10.897958642629906	0.3491500238203535	1	10.1651318471491
-3.855383211678832	10.888944856839872	0.25376033046666313	1	5.97690820309359
-3.855383211678832	10.83486214209968	0.15149563745891345	1	25.863637317889
-3.855383211678832	10.825848356309649	0.10783746656717037	1	6.50094470417398
-3.855383211678832	10.771765641569457	0.06713441179780398	2	21.2582187162363
-3.8462591240875907	11.970599151643691	0.05254361864164764	0	9.44971523649854
-3.8462591240875907	11.77229586426299	0.05927685914320104	0	8.36896236849122
-3.8462591240875907	11.393716861081653	0.1452002989170598	0	18.7135947522657
-3.8462591240875907	11.384703075291622	0.08579488035744312	0	19.4852757418343
-3.8462591240875907	10.897958642629906	0.06579201096646926	1	9.74056535331458
-3.8371350364963503	11.7182131495228	0.18717630786054276	0	6.93495467179022
-3.8371350364963503	11.709199363732766	0.06814049615112004	0	26.6527307466387
-3.8371350364963503	11.204427359490987	0.07784435222195643	0	7.08180930601281
-3.8371350364963503	11.123303287380699	0.12829889802371752	1	9.63495571662359
-3.8371350364963503	11.114289501590667	0.08542699690893583	1	10.2712633601155
-3.8371350364963503	10.897958642629906	0.08578512438605813	1	16.0762851167048
-3.8371350364963503	10.879931071049839	0.05409090945767421	1	5.21692266829099
-3.828010948905109	11.970599151643691	0.29480831120060935	0	11.9000407931807
-3.828010948905109	11.96158536585366	0.09863521582472559	0	6.27109555295504
-3.828010948905109	11.231468716861084	0.05263085434483548	0	9.75739590050895
-3.828010948905109	11.204427359490987	0.3799954077402751	0	5.28766804455839
-3.828010948905109	11.195413573700955	0.1259492648816576	0	20.0776546307602
-3.828010948905109	10.943027571580062	0.09683195636786665	2	64.6912193104903
-3.8188868613138687	11.970599151643691	0.15997245218707062	0	12.0212870605838
-3.8188868613138687	11.96158536585366	0.08982093676398782	0	5.62484723770566
-3.8188868613138687	11.835392364793213	0.15323175122691135	0	16.7985979516612
-3.8188868613138687	11.438785790031812	0.09601928354712093	0	9.04239397393822
-3.8097627737226274	11.970599151643691	0.09206669020652772	0	51.6778149607477
-3.8097627737226274	11.528923647932128	0.09664600520507963	0	8.26744844719972
-3.8097627737226274	11.204427359490987	0.13770374178418926	0	11.4860769003162
-3.8097627737226274	11.069220572640509	0.09143939419821198	1	12.2650156847946
-3.800638686131387	11.53793743372216	0.06266528958900301	0	7.88813634562988
-3.800638686131387	11.204427359490987	0.06840220294279212	0	5.80316720771229
-3.800638686131387	11.078234358430539	0.07345729996176328	1	13.2548911335766
-3.800638686131387	11.069220572640509	0.07797520655276728	1	18.1876129360233
-3.800638686131387	11.060206786850475	0.0854407713833977	1	14.642302177275
-3.7915145985401453	12.1148197242842	0.060910813294205	0	5.78730424005829
-3.7915145985401453	11.078234358430539	0.1589290630864162	1	6.94669502210603
-3.7915145985401453	11.069220572640509	0.23777548113523744	1	7.36710561567177
-3.7915145985401453	11.060206786850475	0.12587293376642114	1	6.86011053988651
-3.7915145985401453	10.924999999999999	0.11877869568619075	1	16.6126128841336
-3.7823905109489053	12.105805938494168	0.0625068873050166	0	8.5923213142685
-3.7823905109489053	11.195413573700955	0.06787878794296115	0	13.5017787426029
-3.7823905109489053	10.934013785790032	0.07660468341322506	1	5.46052500323213
-3.7823905109489053	10.924999999999999	0.24010101031322106	1	7.59024235515428
-3.773266423357664	11.835392364793213	0.09994490407494938	0	11.9784251410313
-3.773266423357664	11.655116648992577	0.05812844337201586	0	7.43491888166288
-3.773266423357664	11.48385471898197	0.05161329205830891	0	13.7372470469393
-3.773266423357664	11.213441145281019	0.1130859743052838	0	8.68951189656486
-3.773266423357664	10.924999999999999	0.10842343935312009	1	5.52617458069752
-3.7641423357664237	11.853419936373276	0.09883149720173257	0	166.657108962162
-3.7641423357664237	11.844406150583243	0.3253971545509264	0	7.8358450851757
-3.7641423357664237	11.48385471898197	0.3446499088184506	0	6.00867162941019
-3.7641423357664237	11.474840933191938	0.0580721999944425	0	7.35669493787035
-3.7641423357664237	11.213441145281019	0.08709366465549843	0	11.6837620059881
-3.755018248175182	11.853419936373276	0.21445190671378495	0	8.12041165484553
-3.755018248175182	11.844406150583243	0.1955963038369721	0	92.0548427165588
-3.755018248175182	11.555965005302225	0.06701101994981953	0	26.1676079941702
-3.755018248175182	11.48385471898197	0.06960743804071465	0	5.62484723770566
-3.755018248175182	11.213441145281019	0.2588441253923902	0	6.36399823597012
-3.755018248175182	10.735710498409329	0.0668250691282983	0	6.5589056706469
-3.745894160583942	11.853419936373276	0.05518595071867401	0	28.6043930387505
-3.745894160583942	11.528923647932128	0.0757897152292962	0	9.32300440507062
-3.7276459854014603	11.781309650053021	0.057990128853741794	0	26.8804881812734
-3.7276459854014603	10.69064156945917	0.11654729017556882	0	23.771568841287
-3.7185218978102186	11.637089077412512	0.071565083026886	0	9.31182567104996
-3.7185218978102186	10.708669141039234	0.12263774101406918	0	222.709922492576
-3.7093978102189786	12.006654294803818	0.0901652906221502	0	12.4412602729577
-3.7093978102189786	11.96158536585366	0.10551652900377909	0	21.7199969886251
-3.7093978102189786	11.952571580063628	0.10778638697138021	0	26.2996706846092
-3.7093978102189786	11.916516436903501	0.0659837005886377	0	8.06628302401351
-3.7093978102189786	11.213441145281019	0.07838842936123118	0	56.6696721563474
-3.7093978102189786	10.708669141039234	0.271194904944476	0	15.3804075060534
-3.700273722627737	11.682158006362673	0.10885847251088013	0	24.2506877837754
-3.700273722627737	11.62807529162248	0.11459423822982637	0	8.26128116783789
-3.700273722627737	11.240482502651115	0.10489267736790224	0	7.86905519352745
-3.700273722627737	11.231468716861084	0.3786960517845902	0	6.87653368748833
-3.700273722627737	11.22245493107105	0.1080383377916673	0	22.949998205732
-3.700273722627737	10.924999999999999	0.10671602446892678	2	6.56336062804881
-3.691149635036497	12.06073700954401	0.057183196264154766	0	52.7083627832997
-3.691149635036497	11.691171792152703	0.05782082206595178	0	7.07486458182056
-3.691149635036497	11.637089077412512	0.0551176546274447	0	6.5635898301003
-3.691149635036497	11.62807529162248	0.19156336138762678	0	7.35338828988401
-3.691149635036497	11.619061505832448	0.14785238901774092	0	8.35278010895226
-3.691149635036497	11.249496288441147	0.16326733443316294	0	14.0561148456574
-3.691149635036497	11.240482502651115	0.2551652899816924	0	6.75609766659838
-3.691149635036497	11.231468716861084	0.31193239343867585	0	6.74462933733766
-3.691149635036497	11.22245493107105	0.06753443573502935	0	9.4846406655936
-3.691149635036497	10.997110286320254	0.06629591452841664	2	50.394586636457
-3.6820255474452552	11.619061505832448	0.17879017511068604	0	5.19457015083799
-3.6820255474452552	11.492868504772002	0.2866293615733876	0	7.27465301733684
-3.6820255474452552	11.48385471898197	0.15142561949935612	0	9.15342349182339
-3.6820255474452552	11.258510074231179	0.16053718976880987	0	6.42668955487336
-3.6820255474452552	11.249496288441147	0.12473427488289628	0	25.6139622195656
-3.6820255474452552	11.240482502651115	0.06230831135020537	0	7.322073009001
-3.6729014598540153	12.087778366914105	0.08475034463639353	0	11.9818675416441
-3.6729014598540153	12.078764581124073	0.18621843516592887	0	8.64873938317362
-3.6729014598540153	12.069750795334041	0.07292355344809738	0	11.6570836153729
-3.6729014598540153	11.62807529162248	0.10205635898253498	0	7.75256051365188
-3.6729014598540153	11.619061505832448	0.10569846277610928	0	12.5768841459529
-3.6729014598540153	11.501882290562033	0.06443468817542582	0	39.1097554392089
-3.6729014598540153	11.492868504772002	0.24406221388835533	0	16.1850796487909
-3.6729014598540153	11.48385471898197	0.10940886210927776	0	5.99234357470383
-3.6637773722627736	12.087778366914105	0.24366506046407363	0	6.49592324835384
-3.6637773722627736	12.078764581124073	0.07806646075903201	0	24.8989615613502
-3.6637773722627736	11.709199363732766	0.05458103818051955	0	6.16851741489178
-3.6637773722627736	11.62807529162248	0.05397669880062926	0	7.64481198415218
-3.6637773722627736	11.501882290562033	0.062851239826165	0	45.3780368057783
-3.6637773722627736	11.303579003181337	0.12010330681707346	0	12.4381233782466
-3.654653284671533	11.952571580063628	0.07877697527642344	0	317.946220955582
-3.654653284671533	10.970068928950159	0.0729614329992556	1	13.4889925294249
-3.654653284671533	10.961055143160127	0.089482323141659	1	11.3938164510096
-3.645529197080291	11.907502651113466	0.05422176324619967	0	11.565622594614
-3.645529197080291	11.682158006362673	0.06757575781205122	0	9.53876918943119
-3.645529197080291	11.67314422057264	0.12166035472177994	0	18.7095528147838
-3.645529197080291	11.592020148462353	0.08985537169961369	0	6.23816435927986
-3.6364051094890515	11.87144750795334	0.10081267271789848	0	33.6123375201948
-3.6364051094890515	11.862433722163306	0.23192894941685244	0	10.7024603202662
-3.6364051094890515	11.67314422057264	0.11916666795693191	0	50.958470791789
-3.6364051094890515	11.384703075291622	0.09149793367292366	0	12.6140424573886
-3.62728102189781	12.015668080593851	0.2013802823412652	0	18.6875928369202
-3.62728102189781	11.393716861081653	0.15907828420751233	0	13.8024420577655
-3.62728102189781	11.384703075291622	0.05073691467210358	0	7.35611716517359
-3.62728102189781	11.348647932131495	0.13204373240938372	0	13.5151046337318
-3.62728102189781	11.339634146341464	0.07207989017636168	0	8.25753915672297
-3.61815693430657	12.015668080593851	0.14627467905773836	0	19.0734892061751
-3.61815693430657	11.384703075291622	0.11630854035358804	0	7.36392997931132
-3.61815693430657	11.26752386002121	0.16964187386924146	0	10.0841408050864
-3.6090328467153285	11.7182131495228	0.050337465674269444	0	7.14041865302437
-3.6090328467153285	11.546951219512193	0.15002926886782925	0	14.4581236976241
-3.6090328467153285	11.53793743372216	0.08442148720049389	0	6.51653570474627
-3.6090328467153285	11.447799575821843	0.09698748965356861	0	5.77982959919546
-3.6090328467153285	11.384703075291622	0.11408574418460622	0	11.1694112954182
-3.6090328467153285	11.37568928950159	0.09739669476303398	0	6.35068674631585
-3.6090328467153285	11.26752386002121	0.23383666235325382	0	22.6326833256523
-3.6090328467153285	10.663600212089076	0.10420224975137146	0	24.211857380535
-3.599908759124088	11.682158006362673	0.06420110239702112	0	17.1523353622709
-3.599908759124088	11.53793743372216	0.17718376934762092	0	6.69129420377157
-3.590784671532847	11.393716861081653	0.07623966940711527	0	6.22309205033055
-3.590784671532847	10.906972428419936	0.172754246487337	0	57.5539804668706
-3.590784671532847	10.897958642629906	0.1190358128641166	0	91.9730503276436
-3.5816605839416056	10.74472428419936	0.12978994449914671	0	15.2406899425762
-3.5725364963503643	12.105805938494168	0.07330693293552772	0	10.244631003905
-3.5725364963503643	11.420758218451748	0.059207988664215686	0	9.95376259689321
-3.5725364963503643	11.402730646871685	0.07084710716733746	0	5.87150420608555
-3.5725364963503643	11.006124072110286	0.07224517941942402	0	6.36399823597012
-3.5725364963503643	10.888944856839872	0.0685032143686332	0	14.1486827110999
-3.5725364963503643	10.789793213149522	0.0904476588006113	0	8.98909023266195