-4.421076642335766	10.97908271474019	0.1425487837464202	2	20.8018934935003
-4.421076642335766	10.663600212089076	0.0723622589859308	0	255.419605430017
-4.4028284671532845	10.68162778366914	0.1306542703965131	0	9.63495571662359
-4.375456204379562	11.186399787910924	0.18449208074457507	1	93.2771092827062
-4.375456204379562	11.177386002120892	0.10915518911679585	1	6.37179824542748
-4.375456204379562	11.123303287380699	0.20264462840323355	1	15.9370027407779
-4.375456204379562	11.114289501590667	0.07293904968804002	1	13.6812018977417
-4.375456204379562	11.078234358430539	0.057714073045580995	1	8.9845064867674
-4.375456204379562	10.888944856839872	0.2593537650295332	2	12.2003851053733
-4.375456204379562	10.789793213149522	0.061003214822095975	2	5.92550237140983
-4.366332116788321	11.186399787910924	0.2699007127425249	1	11.7654260132168
-4.366332116788321	11.177386002120892	0.3831531215555527	1	10.6291351671897
-4.366332116788321	11.16837221633086	0.29369031210506663	1	12.8777083785177
-4.366332116788321	11.159358430540829	0.221023302527035	1	11.859826767981
-4.366332116788321	11.150344644750797	0.1992257822822122	1	6.27235260606316
-4.366332116788321	11.141330858960766	0.11581439521733453	1	7.67484854031527
-4.366332116788321	11.087248144220572	0.08112947667813768	1	8.37115368073965
-4.366332116788321	11.042179215270412	0.1390134311236587	1	8.51213853071277
-4.35720802919708	11.186399787910924	0.5826796356322718	1	42.5419457046921
-4.35720802919708	11.177386002120892	0.7234865680021398	1	8.04592453142831
-4.35720802919708	11.16837221633086	0.6005733468298818	1	13.2669925781304
-4.35720802919708	11.159358430540829	0.33562959278331084	1	12.1376343786948
-4.35720802919708	11.150344644750797	0.3045293830142302	1	5.3255612736446
-4.35720802919708	11.141330858960766	0.2287471303004845	1	6.17111917618956
-4.35720802919708	11.132317073170734	0.12235881462751652	1	8.66743878044917
-4.35720802919708	11.042179215270412	0.11568870469635609	1	77.7383775919201
-4.348083941605839	11.186399787910924	0.3062126957388485	1	41.4662192658766
-4.348083941605839	11.177386002120892	0.7653724766899558	1	6.78026140948907
-4.348083941605839	11.16837221633086	0.7001147823707731	1	154.275504297011
-4.348083941605839	11.159358430540829	0.24186180168039653	1	9.23633203526518
-4.348083941605839	11.150344644750797	0.06667355406518076	1	26.1676079941702
-4.348083941605839	11.141330858960766	0.09873967012237099	1	8.44144488399864
-4.348083941605839	11.132317073170734	0.21389979396146885	1	6.11663055033529
-4.338959854014599	11.186399787910924	0.07927628589611427	1	9.36406443561405
-4.338959854014599	11.177386002120892	0.5686174233427235	1	5.66035813450958
-4.338959854014599	11.16837221633086	0.44487718109056057	1	12.6457082641176
-4.338959854014599	11.141330858960766	0.19807392145605646	1	9.04059016202506
-4.338959854014599	11.132317073170734	0.12269398617744445	1	7.29365513799175
-4.338959854014599	11.123303287380699	0.08943583614685957	1	16.9974622528811
-4.338959854014599	11.096261930010604	0.055828168130388434	1	7.74852793615895
-4.338959854014599	11.087248144220572	0.07310606084150426	1	7.09654221267924
-4.338959854014599	11.078234358430539	0.22641012457305307	1	5.20053262475984
-4.338959854014599	11.069220572640509	0.05103018850906223	1	60.8028767869849
-4.338959854014599	10.825848356309649	0.11499598288068584	2	10.5885330445004
-4.329835766423358	11.204427359490987	0.16761822673386223	1	9.73179199691536
-4.329835766423358	11.195413573700955	0.1674735988401899	1	20.4931431809535
-4.329835766423358	11.186399787910924	0.5102634299035166	1	5.67827437312848
-4.329835766423358	11.177386002120892	0.6032558563830804	1	10.3673435287814
-4.329835766423358	11.150344644750797	0.3436518598163829	1	9.32760202682274
-4.329835766423358	11.141330858960766	0.6123823438906202	1	8.75959955466661
-4.329835766423358	11.132317073170734	0.3595018380295997	1	10.3435673722393
-4.329835766423358	11.123303287380699	0.11543675445575338	1	9.77207738999069
-4.329835766423358	10.807820784729586	0.05079947228057711	1	6.75117341226689
-4.329835766423358	10.798806998939554	0.05006887106334462	1	25.7012536546423
-4.329835766423358	10.708669141039234	0.10660181319012363	0	16.6053404353877
-4.320711678832117	11.213441145281019	0.266000919267243	1	10.966379279108
-4.320711678832117	11.204427359490987	0.5698513565156973	1	9.09164945620366
-4.320711678832117	11.195413573700955	0.7281921500411688	1	13.5953142175743
-4.320711678832117	11.186399787910924	0.7180572764078775	1	122.328288112475
-4.320711678832117	11.177386002120892	0.6816339571709725	1	8.81253598706628
-4.320711678832117	11.159358430540829	0.20717171723234884	1	5.46408155068852
-4.320711678832117	11.150344644750797	0.655783976236979	1	43.7234285422451
-4.320711678832117	11.141330858960766	0.6262970629299386	1	8.28896619808829
-4.320711678832117	11.132317073170734	0.24363578977771838	1	7.08199157631181
-4.320711678832117	11.123303287380699	0.10122589581152971	1	12.8923674808058
-4.320711678832117	10.798806998939554	0.26743801720002114	1	8.64784901541354
-4.320711678832117	10.708669141039234	0.17582874235919882	0	5.18136260201861
-4.311587591240876	11.213441145281019	0.5803426304611505	1	8.09160892655377
-4.311587591240876	11.204427359490987	0.7013303488937079	1	8.17002491500786
-4.311587591240876	11.195413573700955	0.7124770439746333	1	6.76348539172229
-4.311587591240876	11.186399787910924	0.7812035161186668	1	5.66534221754758
-4.311587591240876	11.177386002120892	0.6569869173835305	1	28.2045294616725
-4.311587591240876	11.16837221633086	0.3175981413616854	1	17.6866216039894
-4.311587591240876	11.159358430540829	0.5883212829851637	1	5.65975625724986
-4.311587591240876	11.150344644750797	0.49612488574607705	1	15.0197869671078
-4.311587591240876	11.141330858960766	0.4807013300400155	1	21.868895505841
-4.311587591240876	11.132317073170734	0.19494605224740275	1	9.25422285673875
-4.302463503649635	11.213441145281019	0.7488929042442172	1	11.7654817508294
-4.302463503649635	11.204427359490987	0.7825086113424862	1	9.67481211861495
-4.302463503649635	11.195413573700955	0.7123278220681583	1	9.15005929357452
-4.302463503649635	11.186399787910924	0.7626848054025688	1	6.37216924910762
-4.302463503649635	11.177386002120892	0.6671826238445207	1	7.27465301733684
-4.302463503649635	11.16837221633086	0.5198565192877078	1	8.36896236849122
-4.302463503649635	11.159358430540829	0.16588154356152404	1	7.60195016281287
-4.302463503649635	11.141330858960766	0.10056990451438755	1	8.75863544800614
-4.302463503649635	11.132317073170734	0.2882690549738266	1	9.61139867257493
-4.293339416058394	11.213441145281019	0.7204574145522772	1	6.20208855684915
-4.293339416058394	11.204427359490987	0.7442648099357007	1	7.4972717050758
-4.293339416058394	11.195413573700955	0.6547176313961253	1	9.32392564759518
-4.293339416058394	11.186399787910924	0.7831536969951555	1	18.9045084722646
-4.293339416058394	11.177386002120892	0.7770316821827608	1	18.8327143528847
-4.293339416058394	11.16837221633086	0.41688590382594687	1	19.5419510883837
-4.293339416058394	11.159358430540829	0.4281313143758213	1	11.4274838971771
-4.293339416058394	11.141330858960766	0.2737327826537338	1	7.82927909134396
-4.293339416058394	11.132317073170734	0.508984735287872	1	8.20861893003931
-4.293339416058394	11.060206786850475	0.09640094182070563	2	46.1139082621545
-4.284215328467154	11.213441145281019	0.5016293622559191	1	9.23040769082492
-4.284215328467154	11.204427359490987	0.6902117763220096	1	31.2859338694065
-4.284215328467154	11.195413573700955	0.7481123715568991	1	12.6744556164417
-4.284215328467154	11.186399787910924	0.7411134076585957	1	6.76185178526524
-4.284215328467154	11.177386002120892	0.7136604718974991	1	15.5870020429995
-4.284215328467154	11.16837221633086	0.4401629947213566	1	7.44580759839064
-4.284215328467154	11.159358430540829	0.371736109565286	1	9.65787031762947
-4.284215328467154	11.150344644750797	0.5348611111360437	1	10.4048094659353
-4.284215328467154	11.141330858960766	0.5025631310332056	1	7.43808470395987
-4.284215328467154	11.132317073170734	0.5155297286463718	1	12.8755309042454
-4.284215328467154	11.123303287380699	0.11343663905181138	1	5.37247996516966
-4.275091240875913	11.204427359490987	0.1432920113731833	1	10.3416538893803
-4.275091240875913	11.195413573700955	0.7306617294760313	1	7.88680381309572
-4.275091240875913	11.186399787910924	0.7039881761962292	1	8.14350121844198
-4.275091240875913	11.177386002120892	0.6990071159811582	1	6.30490668114831
-4.275091240875913	11.16837221633086	0.5538797070372338	1	34.8821655638563
-4.275091240875913	11.159358430540829	0.6857874186272715	1	36.6411640142536
-4.275091240875913	11.150344644750797	0.7855796593684776	1	6.86028808024026
-4.275091240875913	11.141330858960766	0.5273186422142329	1	9.45152806239851
-4.275091240875913	11.132317073170734	0.09287419698752608	1	15.8925842105965
-4.275091240875913	11.006124072110286	0.056301652735354854	2	10.2298668136636
-4.275091240875913	10.771765641569457	0.06498852123466192	2	5.96146300799822
-4.275091240875913	10.68162778366914	0.07667871933824875	0	11.8435422139783
-4.265967153284672	11.204427359490987	0.07568181891534842	1	5.82177707776201
-4.265967153284672	11.195413573700955	0.7220431594848633	1	22.3955687079541
-4.265967153284672	11.186399787910924	0.7896608123779296	1	12.6140424573886
-4.265967153284672	11.177386002120892	0.7648238062391094	1	8.29870131511634
-4.265967153284672	11.16837221633086	0.710699608335308	1	8.50826266617791
-4.265967153284672	11.159358430540829	0.7559090883591596	1	11.6914659403259
-4.265967153284672	11.150344644750797	0.7628541087730258	1	13.0536940913448
-4.265967153284672	11.141330858960766	0.4394777339673509	1	10.1181493701257
-4.265967153284672	11.132317073170734	0.06209366409918841	1	7.58243869974035
-4.265967153284672	10.825848356309649	0.06077134951423198	2	11.650030879466
-4.265967153284672	10.68162778366914	0.07273014294399935	0	15.6307875536046
-4.265967153284672	10.672613997879107	0.40763085636438107	0	85.7871803141075
-4.265967153284672	10.663600212089076	0.09137511461856317	0	7.85798023915946
-4.256843065693429	11.204427359490987	0.2123599641556833	1	7.4710969372721
-4.256843065693429	11.195413573700955	0.7241574833720338	1	24.317412020909
-4.256843065693429	11.186399787910924	0.7343153134514303	1	33.0639150786008
-4.256843065693429	11.177386002120892	0.5949896704542871	1	6.83142055948661
-4.256843065693429	11.16837221633086	0.7031594363941867	1	7.64744124020852
-4.256843065693429	11.159358430540829	0.7444295218645357	1	43.1939591530798
-4.256843065693429	11.150344644750797	0.5243772967469458	1	30.6608809407027
-4.256843065693429	11.141330858960766	0.27122933786523107	1	33.8759404727499
-4.256843065693429	11.060206786850475	0.100599174265768	1	7.26581932160269
-4.256843065693429	10.68162778366914	0.32876894001399765	0	7.39757842600287
-4.256843065693429	10.672613997879107	0.5124185054068472	0	7.61892006923444
-4.256843065693429	10.663600212089076	0.13827020311355592	0	6.98715881052498
-4.24771897810219	11.213441145281019	0.15532254523856967	1	12.279594557007
-4.24771897810219	11.204427359490987	0.26181244133967974	1	8.57473209114732
-4.24771897810219	11.195413573700955	0.6152955704109342	1	45.8806841802551
-4.24771897810219	11.186399787910924	0.6225154944775152	1	8.24309395906255
-4.24771897810219	11.177386002120892	0.7357397830439548	1	19.8863190775114
-4.24771897810219	11.16837221633086	0.7126681568669337	1	169.332741013636
-4.24771897810219	11.159358430540829	0.7601354454077927	1	7.37000428375113
-4.24771897810219	11.150344644750797	0.6406336086497587	1	7.5665626315642
-4.24771897810219	11.141330858960766	0.24391069892808503	1	14.9007821746312
-4.24771897810219	11.060206786850475	0.09497933959960937	1	7.97534043286567
-4.24771897810219	10.672613997879107	0.08537362275871577	0	14.0911912388213
-4.238594890510949	11.213441145281019	0.5016431374643363	1	7.52218495394103
-4.238594890510949	11.204427359490987	0.5526411836287555	1	11.1415575365877
-4.238594890510949	11.195413573700955	0.28941632313354343	1	10.7655772618728
-4.238594890510949	11.186399787910924	0.7383103760364009	1	5.78871200804372
-4.238594890510949	11.177386002120892	0.7550866627412685	1	6.24628861731717
-4.238594890510949	11.16837221633086	0.7252439161936441	1	8.67849677598589
-4.238594890510949	11.159358430540829	0.4529780748638451	1	11.0118461515827
-4.238594890510949	11.150344644750797	0.19208046403118204	1	7.47383097240736
-4.229470802919709	11.213441145281019	0.10246556584040323	1	9.355344417017
-4.229470802919709	11.204427359490987	0.1140736908538669	1	7.24844745027073
-4.229470802919709	11.195413573700955	0.2140909068958432	1	13.993204541333
-4.229470802919709	11.186399787910924	0.7477852407343247	1	10.8343900629019
-4.229470802919709	11.177386002120892	0.7723966978484509	1	15.8347362569904
-4.229470802919709	11.16837221633086	0.33284091033187563	1	38.1685140002933
-4.229470802919709	11.150344644750797	0.11760101095367881	1	21.7982953297814
-4.229470802919709	10.897958642629906	0.14250573974029696	2	7.82844125318513
-4.220346715328466	11.186399787910924	0.5161644869832431	1	6.58966155886685
-4.220346715328466	11.177386002120892	0.5394415736525667	1	17.6544888542355
-4.220346715328466	11.16837221633086	0.054850780533809276	1	6.41537093304925
-4.211222627737227	11.186399787910924	0.3294094349823746	1	7.0593775638564
-4.211222627737227	11.177386002120892	0.39649449020741034	1	15.5167747267221
-4.202098540145985	11.159358430540829	0.05017217667897542	2	68.5976232682278
-4.1747262773722635	11.16837221633086	0.12225895334692563	1	38.9619495321507
-4.165602189781021	11.159358430540829	0.17387626306683407	1	10.3222582042833
-4.156478102189782	11.16837221633086	0.12266873302179224	1	6.71657110751507
-4.156478102189782	11.159358430540829	0.22408976076630985	1	10.5494353107043
-4.156478102189782	11.150344644750797	0.10396694178674737	1	6.59047143008639
-4.156478102189782	11.141330858960766	0.11949322795867923	1	17.6264924411526
-4.156478102189782	10.816834570519617	0.18784148281228313	2	7.36940612367602
-4.156478102189782	10.762751855779426	0.05791437074249865	1	5.55748795076377
-4.156478102189782	10.74472428419936	0.09779614441067563	0	28.9506126534342
-4.1382299270073	11.204427359490987	0.10402376073949475	1	30.1691307797314
-4.129105839416058	11.204427359490987	0.13740358045989393	1	14.2584384548974
-4.129105839416058	11.195413573700955	0.07612545980659187	1	5.92723504091482
-4.1199817518248185	11.195413573700955	0.05487890339365191	1	31.3873381949317
-4.1199817518248185	11.087248144220572	0.05166264986524395	2	11.6468740277156