-4.420620437956204	10.984040296924707	0.30578511555989585	20.8018934935003	5	1	1	34	0
-4.420620437956204	10.983138918345706	0.42148760627297793	20.8018934935003	5	1	1	34	0
-4.420620437956204	10.982237539766702	0.53719009698606	20.8018934935003	5	1	1	34	0
-4.420620437956204	10.981336161187699	0.4710743922813266	20.8018934935003	5	1	1	34	0
-4.420620437956204	10.980434782608695	0.6942148844401042	20.8018934935003	5	1	1	34	0
-4.420620437956204	10.979533404029691	0.7196969424977022	20.8018934935003	5	1	1	34	0
-4.420620437956204	10.97863202545069	0.11570247575348498	20.8018934935003	5	1	1	34	0
-4.41970802919708	10.98494167550371	0.4132231469247855	20.8018934935003	5	1	1	34	0
-4.41970802919708	10.984040296924707	0.710743803136489	20.8018934935003	5	1	1	34	0
-4.41970802919708	10.983138918345706	0.6528925876991422	20.8018934935003	5	1	1	34	0
-4.41970802919708	10.982237539766702	0.7355371811810661	20.8018934935003	5	1	1	34	0
-4.41970802919708	10.981336161187699	0.7603305592256434	20.8018934935003	5	1	1	34	0
-4.41970802919708	10.980434782608695	0.5123967189414829	20.8018934935003	5	1	1	34	0
-4.41970802919708	10.979533404029691	0.4393939448337929	20.8018934935003	5	1	1	34	0
-4.418795620437956	10.985843054082714	0.16528926176183364	20.8018934935003	5	1	1	34	0
-4.418795620437956	10.98494167550371	0.3140495749080882	20.8018934935003	5	1	1	34	0
-4.418795620437956	10.984040296924707	0.6280991498161764	20.8018934935003	5	1	1	34	0
-4.418795620437956	10.983138918345706	0.20661157346239276	20.8018934935003	5	1	1	34	0
-4.418795620437956	10.982237539766702	0.1487603281058517	20.8018934935003	5	1	1	34	0
-4.418795620437956	10.981336161187699	0.3305785235236673	20.8018934935003	5	1	1	34	0
-4.418795620437956	10.980434782608695	0.4628099030139399	20.8018934935003	5	1	1	34	0
-4.418795620437956	10.979533404029691	0.2727272781671262	20.8018934935003	5	1	1	34	0
-4.4178832116788325	10.985843054082714	0.16528926176183364	20.8018934935003	5	1	1	34	0
-4.4178832116788325	10.98494167550371	0.19834711411420036	20.8018934935003	5	1	1	34	0
-4.4178832116788325	10.984040296924707	0.2396694258147595	20.8018934935003	5	1	1	34	0
-4.4178832116788325	10.982237539766702	0.07438016405292586	20.8018934935003	5	1	1	34	0
-4.4178832116788325	10.980434782608695	0.07438016405292586	20.8018934935003	5	1	1	34	0
-4.4178832116788325	10.97863202545069	0.20661157346239276	20.8018934935003	5	1	1	34	0
-4.416970802919708	10.986744432661718	0.08333333333333333	20.8018934935003	5	1	1	34	0
-4.416970802919708	10.979533404029691	0.44696969424977023	20.8018934935003	5	1	1	34	0
-4.416970802919708	10.97863202545069	0.6446281283509497	20.8018934935003	5	1	1	34	0
-4.416058394160584	10.981336161187699	0.14393938849954044	20.8018934935003	5	1	1	34	0
-4.416058394160584	10.979533404029691	0.14583333333333334	20.8018934935003	5	1	1	34	0
-4.416058394160584	10.97863202545069	0.07575757643755744	20.8018934935003	5	1	1	34	0
-4.380474452554744	10.893001060445387	0.08264463088091682	12.2003851053733	5	9	2	80	0
-4.380474452554744	10.892099681866384	0.14393938849954044	12.2003851053733	5	9	2	80	0
-4.380474452554744	10.89119830328738	0.05785123787674249	12.2003851053733	5	9	2	80	0
-4.380474452554744	10.888494167550371	0.25619835947074143	12.2003851053733	5	9	2	80	0
-4.380474452554744	10.887592788971368	0.30578511555989585	12.2003851053733	5	9	2	80	0
-4.37956204379562	10.893001060445387	0.08264463088091682	12.2003851053733	5	9	2	80	0
-4.37956204379562	10.892099681866384	0.08333333333333333	12.2003851053733	5	9	2	80	0
-4.37956204379562	10.89119830328738	0.2644628188189338	12.2003851053733	5	9	2	80	0
-4.37956204379562	10.890296924708377	0.14049586875765932	12.2003851053733	5	9	2	80	0
-4.37956204379562	10.889395546129375	0.09917355705710018	12.2003851053733	5	9	2	80	0
-4.37956204379562	10.888494167550371	0.19834711411420036	12.2003851053733	5	9	2	80	0
-4.37956204379562	10.887592788971368	0.16528926176183364	12.2003851053733	5	9	2	80	0
-4.3786496350364965	10.892099681866384	0.0763888863956227	12.2003851053733	5	9	2	80	0
-4.3786496350364965	10.89119830328738	0.08333333333333333	12.2003851053733	5	9	2	80	0
-4.3786496350364965	10.890296924708377	0.4318181954178156	12.2003851053733	5	9	2	80	0
-4.3786496350364965	10.889395546129375	0.35606061150045953	12.2003851053733	5	9	2	80	0
-4.3786496350364965	10.888494167550371	0.6893939448337929	12.2003851053733	5	9	2	80	0
-4.3786496350364965	10.887592788971368	0.5833333333333334	12.2003851053733	5	9	2	80	0
-4.3786496350364965	10.886691410392364	0.4848484712488511	12.2003851053733	5	9	2	80	0
-4.377737226277373	10.89119830328738	0.09090909022910922	12.2003851053733	5	9	2	80	0
-4.377737226277373	10.890296924708377	0.14049586875765932	12.2003851053733	5	9	2	80	0
-4.377737226277373	10.889395546129375	0.30578511555989585	12.2003851053733	5	9	2	80	0
-4.377737226277373	10.888494167550371	0.5041322595932904	12.2003851053733	5	9	2	80	0
-4.377737226277373	10.887592788971368	0.7685950185738357	12.2003851053733	5	9	2	80	0
-4.377737226277373	10.886691410392364	0.7438016405292586	12.2003851053733	5	9	2	80	0
-4.377737226277373	10.885790031813361	0.5867768530752144	12.2003851053733	5	9	2	80	0
-4.377737226277373	10.884888653234357	0.0530303020103305	12.2003851053733	5	9	2	80	0
-4.376824817518248	10.89119830328738	0.10743801640529259	12.2003851053733	5	9	2	80	0
-4.376824817518248	10.890296924708377	0.289256196863511	12.2003851053733	5	9	2	80	0
-4.376824817518248	10.889395546129375	0.578512393727022	12.2003851053733	5	9	2	80	0
-4.376824817518248	10.888494167550371	0.8429752125459559	12.2003851053733	5	9	2	80	0
-4.376824817518248	10.887592788971368	0.8429752125459559	12.2003851053733	5	9	2	80	0
-4.376824817518248	10.886691410392364	0.619834690467984	12.2003851053733	5	9	2	80	0
-4.376824817518248	10.885790031813361	0.8512396718941483	12.2003851053733	5	9	2	80	0
-4.376824817518248	10.884888653234357	0.3106060551662071	12.2003851053733	5	9	2	80	0
-4.376824817518248	10.783934252386002	0.16528926176183364	5.92550237140983	5	10	3	37	0
-4.376824817518248	10.783032873806999	0.4132231469247855	5.92550237140983	5	10	3	37	0
-4.375912408759124	10.89119830328738	0.30578511555989585	12.2003851053733	5	9	2	80	0
-4.375912408759124	10.890296924708377	0.40495868757659315	12.2003851053733	5	9	2	80	0
-4.375912408759124	10.889395546129375	0.44628098431755514	12.2003851053733	5	9	2	80	0
-4.375912408759124	10.888494167550371	0.6528925876991422	12.2003851053733	5	9	2	80	0
-4.375912408759124	10.887592788971368	0.42975206562117035	12.2003851053733	5	9	2	80	0
-4.375912408759124	10.886691410392364	0.1487603281058517	12.2003851053733	5	9	2	80	0
-4.375912408759124	10.885790031813361	0.6115702311197917	12.2003851053733	5	9	2	80	0
-4.375912408759124	10.884888653234357	0.8939393884995405	12.2003851053733	5	9	2	80	0
-4.375912408759124	10.883987274655356	0.1570247874540441	12.2003851053733	5	9	2	80	0
-4.375912408759124	10.791145281018027	0.1322314094094669	5.92550237140983	5	10	3	37	0
-4.375912408759124	10.790243902439023	0.5227272781671262	5.92550237140983	5	10	3	37	0
-4.375912408759124	10.789342523860022	0.5702479343788297	5.92550237140983	5	10	3	37	0
-4.375912408759124	10.788441145281018	0.42148760627297793	5.92550237140983	5	10	3	37	0
-4.375912408759124	10.787539766702015	0.33884298287185965	5.92550237140983	5	10	3	37	0
-4.375912408759124	10.786638388123011	0.09917355705710018	5.92550237140983	5	10	3	37	0
-4.375912408759124	10.785737009544007	0.11570247575348498	5.92550237140983	5	10	3	37	0
-4.375912408759124	10.783934252386002	0.07438016405292586	5.92550237140983	5	10	3	37	0
-4.375912408759124	10.783032873806999	0.20661157346239276	5.92550237140983	5	10	3	37	0
-4.375	10.8966065747614	0.06611570470473345	12.2003851053733	5	9	2	80	0
-4.375	10.893001060445387	0.09090909022910922	12.2003851053733	5	9	2	80	0
-4.375	10.892099681866384	0.44696969424977023	12.2003851053733	5	9	2	80	0
-4.375	10.89119830328738	0.5619834750306373	12.2003851053733	5	9	2	80	0
-4.375	10.890296924708377	0.22314049215877757	12.2003851053733	5	9	2	80	0
-4.375	10.889395546129375	0.17355372111002604	12.2003851053733	5	9	2	80	0
-4.375	10.888494167550371	0.38842973896101407	12.2003851053733	5	9	2	80	0
-4.375	10.887592788971368	0.7024793437882966	12.2003851053733	5	9	2	80	0
-4.375	10.886691410392364	0.3966942282284007	12.2003851053733	5	9	2	80	0
-4.375	10.885790031813361	0.4132231469247855	12.2003851053733	5	9	2	80	0
-4.375	10.884888653234357	0.5606060551662071	12.2003851053733	5	9	2	80	0
-4.375	10.883987274655356	0.479338851629519	12.2003851053733	5	9	2	80	0
-4.375	10.790243902439023	0.12878787470798866	5.92550237140983	5	10	3	37	0
-4.375	10.789342523860022	0.53719009698606	5.92550237140983	5	10	3	37	0
-4.375	10.788441145281018	0.4958677703259038	5.92550237140983	5	10	3	37	0
-4.375	10.787539766702015	0.32231406417547487	5.92550237140983	5	10	3	37	0
-4.375	10.782131495227995	0.106060604020661	5.92550237140983	5	10	3	37	0
-4.375	10.781230116648992	0.06611570470473345	5.92550237140983	5	10	3	37	0
-4.374087591240876	10.89390243902439	0.2396694258147595	12.2003851053733	5	9	2	80	0
-4.374087591240876	10.893001060445387	0.28099173751531864	12.2003851053733	5	9	2	80	0
-4.374087591240876	10.892099681866384	0.6212121103324142	12.2003851053733	5	9	2	80	0
-4.374087591240876	10.89119830328738	0.5867768530752144	12.2003851053733	5	9	2	80	0
-4.374087591240876	10.890296924708377	0.3553719015682445	12.2003851053733	5	9	2	80	0
-4.374087591240876	10.888494167550371	0.33884298287185965	12.2003851053733	5	9	2	80	0
-4.374087591240876	10.887592788971368	0.5537190156824449	12.2003851053733	5	9	2	80	0
-4.374087591240876	10.886691410392364	0.30578511555989585	12.2003851053733	5	9	2	80	0
-4.374087591240876	10.883987274655356	0.17355372111002604	12.2003851053733	5	9	2	80	0
-4.374087591240876	10.789342523860022	0.3966942282284007	5.92550237140983	5	10	3	37	0
-4.374087591240876	10.788441145281018	0.1322314094094669	5.92550237140983	5	10	3	37	0
-4.374087591240876	10.787539766702015	0.2975206562117034	5.92550237140983	5	10	3	37	0
-4.374087591240876	10.781230116648992	0.17355372111002604	5.92550237140983	5	10	3	37	0
-4.373175182481752	10.89390243902439	0.14049586875765932	12.2003851053733	5	9	2	80	0
-4.373175182481752	10.893001060445387	0.6446281283509497	12.2003851053733	5	9	2	80	0
-4.373175182481752	10.892099681866384	0.5833333333333334	12.2003851053733	5	9	2	80	0
-4.373175182481752	10.89119830328738	0.19008263980641085	12.2003851053733	5	9	2	80	0
-4.373175182481752	10.888494167550371	0.2975206562117034	12.2003851053733	5	9	2	80	0
-4.373175182481752	10.887592788971368	0.3140495749080882	12.2003851053733	5	9	2	80	0
-4.373175182481752	10.886691410392364	0.289256196863511	12.2003851053733	5	9	2	80	0
-4.373175182481752	10.783032873806999	0.1487603281058517	5.92550237140983	5	10	3	37	0
-4.372262773722627	10.893001060445387	0.21487603281058518	12.2003851053733	5	9	2	80	0
-4.372262773722627	10.892099681866384	0.2651515287511489	12.2003851053733	5	9	2	80	0
-4.372262773722627	10.889395546129375	0.07438016405292586	12.2003851053733	5	9	2	80	0
-4.372262773722627	10.888494167550371	0.23140495150696996	12.2003851053733	5	9	2	80	0
-4.372262773722627	10.887592788971368	0.09917355705710018	12.2003851053733	5	9	2	80	0
-4.372262773722627	10.886691410392364	0.06611570470473345	12.2003851053733	5	9	2	80	0
-4.372262773722627	10.788441145281018	0.14049586875765932	5.92550237140983	5	10	3	37	0
-4.372262773722627	10.782131495227995	0.106060604020661	5.92550237140983	5	10	3	37	0
-4.3713503649635035	10.888494167550371	0.06818181954178155	12.2003851053733	5	9	2	80	0
-4.3713503649635035	10.793849416755037	0.06060605890610639	5.92550237140983	5	10	3	37	0
-4.3713503649635035	10.792948038176034	0.12121211781221278	5.92550237140983	5	10	3	37	0
-4.3713503649635035	10.79204665959703	0.16666666666666666	5.92550237140983	5	10	3	37	0
-4.3713503649635035	10.791145281018027	0.06060605890610639	5.92550237140983	5	10	3	37	0
-4.3713503649635035	10.790243902439023	0.13888889387542125	5.92550237140983	5	10	3	37	0
-4.3713503649635035	10.789342523860022	0.1742424310422411	5.92550237140983	5	10	3	37	0
-4.3713503649635035	10.788441145281018	0.325757583917356	5.92550237140983	5	10	3	37	0
-4.3713503649635035	10.782131495227995	0.09722221972895603	5.92550237140983	5	10	3	37	0
-4.37043795620438	10.888494167550371	0.06611570470473345	12.2003851053733	5	9	2	80	0
-4.37043795620438	10.79204665959703	0.05785123787674249	5.92550237140983	5	10	3	37	0
-4.369525547445256	10.790243902439023	0.0984848471248851	5.92550237140983	5	10	3	37	0
-4.368613138686132	10.790243902439023	0.24242423562442555	5.92550237140983	5	10	3	37	0
-4.367700729927007	10.788441145281018	0.08264463088091682	5.92550237140983	5	10	3	37	0
-4.366788321167883	10.788441145281018	0.05785123787674249	5.92550237140983	5	10	3	37	0
-4.3476277372262775	10.827200424178155	0.07438016405292586	10.5885330445004	5	44	4	61	0
-4.343978102189781	10.824496288441145	0.12396694258147595	10.5885330445004	5	44	4	61	0
-4.343065693430657	10.830805938494168	0.07438016405292586	10.5885330445004	5	44	4	61	0
-4.342153284671533	10.829904559915164	0.1742424310422411	10.5885330445004	5	44	4	61	0
-4.342153284671533	10.82900318133616	0.1363636390835631	10.5885330445004	5	44	4	61	0
-4.342153284671533	10.828101802757157	0.1742424310422411	10.5885330445004	5	44	4	61	0
-4.342153284671533	10.820890774125132	0.106060604020661	10.5885330445004	5	44	4	61	0
-4.341240875912408	10.829904559915164	0.3140495749080882	10.5885330445004	5	44	4	61	0
-4.341240875912408	10.82900318133616	0.42148760627297793	10.5885330445004	5	44	4	61	0
-4.341240875912408	10.828101802757157	0.22314049215877757	10.5885330445004	5	44	4	61	0
-4.3403284671532845	10.830805938494168	0.19834711411420036	10.5885330445004	5	44	4	61	0
-4.3403284671532845	10.829904559915164	0.09917355705710018	10.5885330445004	5	44	4	61	0
-4.3403284671532845	10.82900318133616	0.12396694258147595	10.5885330445004	5	44	4	61	0
-4.3403284671532845	10.828101802757157	0.19008263980641085	10.5885330445004	5	44	4	61	0
-4.3403284671532845	10.827200424178155	0.5206611782896753	10.5885330445004	5	44	4	61	0
-4.3403284671532845	10.826299045599152	0.0530303020103305	10.5885330445004	5	44	4	61	0
-4.339416058394161	10.830805938494168	0.2479338851629519	10.5885330445004	5	44	4	61	0
-4.339416058394161	10.829904559915164	0.2396694258147595	10.5885330445004	5	44	4	61	0
-4.339416058394161	10.828101802757157	0.20661157346239276	10.5885330445004	5	44	4	61	0
-4.339416058394161	10.827200424178155	0.8512396718941483	10.5885330445004	5	44	4	61	0
-4.339416058394161	10.826299045599152	0.46969697241689645	10.5885330445004	5	44	4	61	0
-4.338503649635037	10.830805938494168	0.2975206562117034	10.5885330445004	5	44	4	61	0
-4.338503649635037	10.829904559915164	0.3966942282284007	10.5885330445004	5	44	4	61	0
-4.338503649635037	10.82900318133616	0.09090909022910922	10.5885330445004	5	44	4	61	0
-4.338503649635037	10.828101802757157	0.20661157346239276	10.5885330445004	5	44	4	61	0
-4.338503649635037	10.827200424178155	0.3966942282284007	10.5885330445004	5	44	4	61	0
-4.338503649635037	10.826299045599152	0.36363636091643686	10.5885330445004	5	44	4	61	0
-4.338503649635037	10.825397667020148	0.3719008202646293	10.5885330445004	5	44	4	61	0
-4.337591240875913	10.83441145281018	0.1570247874540441	10.5885330445004	5	44	4	61	0
-4.337591240875913	10.829904559915164	0.11570247575348498	10.5885330445004	5	44	4	61	0
-4.337591240875913	10.82900318133616	0.06611570470473345	10.5885330445004	5	44	4	61	0
-4.337591240875913	10.827200424178155	0.1322314094094669	10.5885330445004	5	44	4	61	0
-4.337591240875913	10.826299045599152	0.09090909022910922	10.5885330445004	5	44	4	61	0
-4.337591240875913	10.825397667020148	0.5619834750306373	10.5885330445004	5	44	4	61	0
-4.337591240875913	10.824496288441145	0.2479338851629519	10.5885330445004	5	44	4	61	0
-4.336678832116789	10.82900318133616	0.19834711411420036	10.5885330445004	5	44	4	61	0
-4.336678832116789	10.827200424178155	0.21487603281058518	10.5885330445004	5	44	4	61	0
-4.336678832116789	10.826299045599152	0.18181818045821843	10.5885330445004	5	44	4	61	0
-4.336678832116789	10.825397667020148	0.17355372111002604	10.5885330445004	5	44	4	61	0
-4.336678832116789	10.824496288441145	0.18181818045821843	10.5885330445004	5	44	4	61	0
-4.335766423357664	10.828101802757157	0.2479338851629519	10.5885330445004	5	44	4	61	0
-4.335766423357664	10.827200424178155	0.3801652796128217	10.5885330445004	5	44	4	61	0
-4.335766423357664	10.826299045599152	0.5378787769990808	10.5885330445004	5	44	4	61	0
-4.335766423357664	10.825397667020148	0.09090909022910922	10.5885330445004	5	44	4	61	0
-4.335766423357664	10.823594909862141	0.22314049215877757	10.5885330445004	5	44	4	61	0
-4.335766423357664	10.82269353128314	0.30578511555989585	10.5885330445004	5	44	4	61	0
-4.335766423357664	10.821792152704136	0.19834711411420036	10.5885330445004	5	44	4	61	0
-4.33485401459854	10.828101802757157	0.18181818045821843	10.5885330445004	5	44	4	61	0
-4.33485401459854	10.827200424178155	0.24242423562442555	10.5885330445004	5	44	4	61	0
-4.33485401459854	10.826299045599152	0.3680555455824908	10.5885330445004	5	44	4	61	0
-4.33485401459854	10.82269353128314	0.08333333333333333	10.5885330445004	5	44	4	61	0
-4.33485401459854	10.821792152704136	0.15151515287511488	10.5885330445004	5	44	4	61	0
-4.333941605839416	10.821792152704136	0.06611570470473345	10.5885330445004	5	44	4	61	0
-4.333941605839416	10.820890774125132	0.09090909022910922	10.5885330445004	5	44	4	61	0
-4.333941605839416	10.819088016967125	0.06060605890610639	10.5885330445004	5	44	4	61	0
-4.333029197080292	10.82269353128314	0.05785123787674249	10.5885330445004	5	44	4	61	0
-4.333029197080292	10.821792152704136	0.1487603281058517	10.5885330445004	5	44	4	61	0
-4.333029197080292	10.820890774125132	0.33884298287185965	10.5885330445004	5	44	4	61	0
-4.333029197080292	10.819088016967125	0.1363636390835631	10.5885330445004	5	44	4	61	0
-4.3321167883211675	10.82269353128314	0.18181818045821843	10.5885330445004	5	44	4	61	0
-4.3321167883211675	10.819989395546129	0.08264463088091682	10.5885330445004	5	44	4	61	0
-4.29470802919708	11.059756097560975	0.07438016405292586	46.1139082621545	5	96	5	40	0
-4.29470802919708	11.057051961823966	0.08264463088091682	46.1139082621545	5	96	5	40	0
-4.293795620437956	11.059756097560975	0.28099173751531864	46.1139082621545	5	96	5	40	0
-4.293795620437956	11.058854718981973	0.3966942282284007	46.1139082621545	5	96	5	40	0
-4.293795620437956	11.05795334040297	0.07438016405292586	46.1139082621545	5	96	5	40	0
-4.293795620437956	11.057051961823966	0.12396694258147595	46.1139082621545	5	96	5	40	0
-4.2928832116788325	11.061558854718982	0.08264463088091682	46.1139082621545	5	96	5	40	0
-4.2928832116788325	11.060657476139978	0.22727272183287378	46.1139082621545	5	96	5	40	0
-4.2928832116788325	11.059756097560975	0.53719009698606	46.1139082621545	5	96	5	40	0
-4.2928832116788325	11.058854718981973	0.5619834750306373	46.1139082621545	5	96	5	40	0
-4.2928832116788325	11.05795334040297	0.14049586875765932	46.1139082621545	5	96	5	40	0
-4.2928832116788325	11.057051961823966	0.05785123787674249	46.1139082621545	5	96	5	40	0
-4.291970802919708	11.061558854718982	0.4132231469247855	46.1139082621545	5	96	5	40	0
-4.291970802919708	11.060657476139978	0.5757575539981618	46.1139082621545	5	96	5	40	0
-4.291970802919708	11.059756097560975	0.42975206562117035	46.1139082621545	5	96	5	40	0
-4.291970802919708	11.058854718981973	0.3966942282284007	46.1139082621545	5	96	5	40	0
-4.291970802919708	11.05795334040297	0.08264463088091682	46.1139082621545	5	96	5	40	0
-4.291970802919708	11.056150583244962	0.06611570470473345	46.1139082621545	5	96	5	40	0
-4.291058394160584	11.062460233297985	0.05785123787674249	46.1139082621545	5	96	5	40	0
-4.291058394160584	11.061558854718982	0.5454545563342524	46.1139082621545	5	96	5	40	0
-4.291058394160584	11.060657476139978	0.29545455633425244	46.1139082621545	5	96	5	40	0
-4.291058394160584	11.059756097560975	0.2644628188189338	46.1139082621545	5	96	5	40	0
-4.291058394160584	11.058854718981973	0.36363636091643686	46.1139082621545	5	96	5	40	0
-4.291058394160584	11.05795334040297	0.2396694258147595	46.1139082621545	5	96	5	40	0
-4.291058394160584	11.057051961823966	0.14049586875765932	46.1139082621545	5	96	5	40	0
-4.29014598540146	11.062460233297985	0.16666666666666666	46.1139082621545	5	96	5	40	0
-4.29014598540146	11.061558854718982	0.3333333333333333	46.1139082621545	5	96	5	40	0
-4.29014598540146	11.060657476139978	0.45138887891582413	46.1139082621545	5	96	5	40	0
-4.29014598540146	11.059756097560975	0.21969697241689645	46.1139082621545	5	96	5	40	0
-4.29014598540146	11.058854718981973	0.2878787769990809	46.1139082621545	5	96	5	40	0
-4.29014598540146	11.05795334040297	0.3333333333333333	46.1139082621545	5	96	5	40	0
-4.29014598540146	11.057051961823966	0.09090909022910922	46.1139082621545	5	96	5	40	0
-4.289233576642336	11.061558854718982	0.22314049215877757	46.1139082621545	5	96	5	40	0
-4.289233576642336	11.060657476139978	0.15151515287511488	46.1139082621545	5	96	5	40	0
-4.289233576642336	11.059756097560975	0.16528926176183364	46.1139082621545	5	96	5	40	0
-4.289233576642336	11.058854718981973	0.1322314094094669	46.1139082621545	5	96	5	40	0
-4.289233576642336	11.05795334040297	0.21487603281058518	46.1139082621545	5	96	5	40	0
-4.289233576642336	11.057051961823966	0.05785123787674249	46.1139082621545	5	96	5	40	0
-4.288321167883211	11.059756097560975	0.07438016405292586	46.1139082621545	5	96	5	40	0
-4.288321167883211	11.058854718981973	0.08264463088091682	46.1139082621545	5	96	5	40	0
-4.278284671532846	11.003870625662778	0.07438016405292586	10.2298668136636	4	117	6	41	0
-4.2773722627737225	11.011983032873808	0.09917355705710018	10.2298668136636	4	117	6	41	0
-4.2773722627737225	11.009278897136797	0.0530303020103305	10.2298668136636	4	117	6	41	0
-4.2773722627737225	11.003870625662778	0.18181818045821843	10.2298668136636	4	117	6	41	0
-4.2773722627737225	10.774019088016967	0.10743801640529259	5.96146300799822	5	118	7	23	0
-4.276459854014599	11.009278897136797	0.07575757643755744	10.2298668136636	4	117	6	41	0
-4.276459854014599	11.004772004241781	0.14049586875765932	10.2298668136636	4	117	6	41	0
-4.276459854014599	10.775821845174974	0.2644628188189338	5.96146300799822	5	118	7	23	0
-4.276459854014599	10.77492046659597	0.34090908274931064	5.96146300799822	5	118	7	23	0
-4.276459854014599	10.774019088016967	0.1570247874540441	5.96146300799822	5	118	7	23	0
-4.275547445255475	11.004772004241781	0.1590909022910922	10.2298668136636	4	117	6	41	0
-4.275547445255475	11.003870625662778	0.09090909022910922	10.2298668136636	4	117	6	41	0
-4.275547445255475	10.776723223753976	0.06818181954178155	5.96146300799822	5	118	7	23	0
-4.275547445255475	10.775821845174974	0.1969696942497702	5.96146300799822	5	118	7	23	0
-4.275547445255475	10.77492046659597	0.4444444544175092	5.96146300799822	5	118	7	23	0
-4.275547445255475	10.774019088016967	0.212121208041322	5.96146300799822	5	118	7	23	0
-4.275547445255475	10.773117709437964	0.34090908274931064	5.96146300799822	5	118	7	23	0
-4.275547445255475	10.77221633085896	0.18939394483379288	5.96146300799822	5	118	7	23	0
-4.275547445255475	10.769512195121951	0.06818181954178155	5.96146300799822	5	118	7	23	0
-4.274635036496351	11.0101802757158	0.07438016405292586	10.2298668136636	4	117	6	41	0
-4.274635036496351	11.004772004241781	0.2644628188189338	10.2298668136636	4	117	6	41	0
-4.274635036496351	11.003870625662778	0.3471074422200521	10.2298668136636	4	117	6	41	0
-4.274635036496351	10.77492046659597	0.09090909022910922	5.96146300799822	5	118	7	23	0
-4.274635036496351	10.774019088016967	0.5619834750306373	5.96146300799822	5	118	7	23	0
-4.274635036496351	10.773117709437964	0.8925619686351103	5.96146300799822	5	118	7	23	0
-4.274635036496351	10.77221633085896	0.3553719015682445	5.96146300799822	5	118	7	23	0
-4.273722627737226	11.004772004241781	0.1487603281058517	10.2298668136636	4	117	6	41	0
-4.273722627737226	11.003870625662778	0.42148760627297793	10.2298668136636	4	117	6	41	0
-4.273722627737226	11.002969247083774	0.16528926176183364	10.2298668136636	4	117	6	41	0
-4.273722627737226	10.774019088016967	0.752066099877451	5.96146300799822	5	118	7	23	0
-4.273722627737226	10.773117709437964	0.6033057717715993	5.96146300799822	5	118	7	23	0
-4.273722627737226	10.764103923647932	0.1570247874540441	5.96146300799822	5	118	7	23	0
-4.272810218978102	11.005673382820785	0.12396694258147595	10.2298668136636	4	117	6	41	0
-4.272810218978102	11.004772004241781	0.3801652796128217	10.2298668136636	4	117	6	41	0
-4.272810218978102	11.003870625662778	0.3801652796128217	10.2298668136636	4	117	6	41	0
-4.272810218978102	11.002969247083774	0.14049586875765932	10.2298668136636	4	117	6	41	0
-4.272810218978102	10.774019088016967	0.42975206562117035	5.96146300799822	5	118	7	23	0
-4.272810218978102	10.773117709437964	0.06611570470473345	5.96146300799822	5	118	7	23	0
-4.271897810218978	11.004772004241781	0.3553719015682445	10.2298668136636	4	117	6	41	0
-4.271897810218978	11.003870625662778	0.3719008202646293	10.2298668136636	4	117	6	41	0
-4.271897810218978	11.002969247083774	0.25619835947074143	10.2298668136636	4	117	6	41	0
-4.271897810218978	10.776723223753976	0.06611570470473345	5.96146300799822	5	118	7	23	0
-4.271897810218978	10.775821845174974	0.12396694258147595	5.96146300799822	5	118	7	23	0
-4.271897810218978	10.764103923647932	0.05785123787674249	5.96146300799822	5	118	7	23	0
-4.270985401459854	11.004772004241781	0.19834711411420036	10.2298668136636	4	117	6	41	0
-4.270985401459854	11.003870625662778	0.3140495749080882	10.2298668136636	4	117	6	41	0
-4.270985401459854	11.002969247083774	0.38842973896101407	10.2298668136636	4	117	6	41	0
-4.270985401459854	11.002067868504772	0.25	10.2298668136636	4	117	6	41	0
-4.2700729927007295	11.005673382820785	0.12396694258147595	10.2298668136636	4	117	6	41	0
-4.2700729927007295	11.004772004241781	0.4380165249693627	10.2298668136636	4	117	6	41	0
-4.2700729927007295	11.003870625662778	0.3140495749080882	10.2298668136636	4	117	6	41	0
-4.2700729927007295	11.002969247083774	0.45454544366574756	10.2298668136636	4	117	6	41	0
-4.2700729927007295	11.002067868504772	0.4772727218328738	10.2298668136636	4	117	6	41	0
-4.269160583941606	11.004772004241781	0.14049586875765932	10.2298668136636	4	117	6	41	0
-4.269160583941606	11.003870625662778	0.20661157346239276	10.2298668136636	4	117	6	41	0
-4.269160583941606	11.002969247083774	0.5206611782896753	10.2298668136636	4	117	6	41	0
-4.269160583941606	11.002067868504772	0.3333333333333333	10.2298668136636	4	117	6	41	0
-4.268248175182482	11.0101802757158	0.07575757643755744	10.2298668136636	4	117	6	41	0
-4.268248175182482	11.003870625662778	0.16666666666666666	10.2298668136636	4	117	6	41	0
-4.268248175182482	11.002969247083774	0.18181818045821843	10.2298668136636	4	117	6	41	0
-4.268248175182482	11.002067868504772	0.06944444693771062	10.2298668136636	4	117	6	41	0
-4.268248175182482	11.000265111346765	0.08333333333333333	10.2298668136636	4	117	6	41	0
-4.267335766423358	11.003870625662778	0.09917355705710018	10.2298668136636	4	117	6	41	0
-4.267335766423358	11.002067868504772	0.20454545862534468	10.2298668136636	4	117	6	41	0
-4.266423357664234	10.826299045599152	0.06060605890610639	11.650030879466	4	129	8	37	0
-4.266423357664234	10.82269353128314	0.16528926176183364	11.650030879466	4	129	8	37	0
-4.265510948905109	10.823594909862141	0.09090909022910922	11.650030879466	4	129	8	37	0
-4.265510948905109	10.82269353128314	0.23140495150696996	11.650030879466	4	129	8	37	0
-4.265510948905109	10.820890774125132	0.1322314094094669	11.650030879466	4	129	8	37	0
-4.265510948905109	10.819989395546129	0.20661157346239276	11.650030879466	4	129	8	37	0
-4.265510948905109	10.819088016967125	0.1590909022910922	11.650030879466	4	129	8	37	0
-4.264598540145985	10.824496288441145	0.4628099030139399	11.650030879466	4	129	8	37	0
-4.264598540145985	10.823594909862141	0.6280991498161764	11.650030879466	4	129	8	37	0
-4.264598540145985	10.82269353128314	0.5041322595932904	11.650030879466	4	129	8	37	0
-4.264598540145985	10.821792152704136	0.20661157346239276	11.650030879466	4	129	8	37	0
-4.264598540145985	10.820890774125132	0.08264463088091682	11.650030879466	4	129	8	37	0
-4.264598540145985	10.819989395546129	0.09090909022910922	11.650030879466	4	129	8	37	0
-4.263686131386861	10.83441145281018	0.08264463088091682	11.650030879466	4	129	8	37	0
-4.263686131386861	10.824496288441145	0.6280991498161764	11.650030879466	4	129	8	37	0
-4.263686131386861	10.823594909862141	0.1487603281058517	11.650030879466	4	129	8	37	0
-4.263686131386861	10.82269353128314	0.06611570470473345	11.650030879466	4	129	8	37	0
-4.263686131386861	10.821792152704136	0.18181818045821843	11.650030879466	4	129	8	37	0
-4.263686131386861	10.820890774125132	0.05785123787674249	11.650030879466	4	129	8	37	0
-4.262773722627737	10.825397667020148	0.11570247575348498	11.650030879466	4	129	8	37	0
-4.262773722627737	10.824496288441145	0.5702479343788297	11.650030879466	4	129	8	37	0
-4.262773722627737	10.823594909862141	0.09917355705710018	11.650030879466	4	129	8	37	0
-4.262773722627737	10.82269353128314	0.45454544366574756	11.650030879466	4	129	8	37	0
-4.262773722627737	10.821792152704136	0.4380165249693627	11.650030879466	4	129	8	37	0
-4.262773722627737	10.820890774125132	0.33884298287185965	11.650030879466	4	129	8	37	0
-4.262773722627737	10.819989395546129	0.11570247575348498	11.650030879466	4	129	8	37	0
-4.261861313868613	10.824496288441145	0.07438016405292586	11.650030879466	4	129	8	37	0
-4.261861313868613	10.82269353128314	0.30578511555989585	11.650030879466	4	129	8	37	0
-4.261861313868613	10.821792152704136	0.5206611782896753	11.650030879466	4	129	8	37	0
-4.261861313868613	10.820890774125132	0.22314049215877757	11.650030879466	4	129	8	37	0
-4.261861313868613	10.819989395546129	0.45454544366574756	11.650030879466	4	129	8	37	0
-4.261861313868613	10.819088016967125	0.07575757643755744	11.650030879466	4	129	8	37	0
-4.260948905109489	10.82269353128314	0.1590909022910922	11.650030879466	4	129	8	37	0
-4.260948905109489	10.821792152704136	0.20454545862534468	11.650030879466	4	129	8	37	0
-4.260948905109489	10.820890774125132	0.2878787769990809	11.650030879466	4	129	8	37	0
-4.260948905109489	10.819989395546129	0.5681818345013787	11.650030879466	4	129	8	37	0
-4.260948905109489	10.819088016967125	0.0625	11.650030879466	4	129	8	37	0
-4.23448905109489	10.901113467656415	0.17355372111002604	7.82844125318513	4	171	9	64	0
-4.23448905109489	10.899310710498408	0.06060605890610639	7.82844125318513	4	171	9	64	0
-4.23448905109489	10.897507953340403	0.09917355705710018	7.82844125318513	4	171	9	64	0
-4.23448905109489	10.8966065747614	0.06611570470473345	7.82844125318513	4	171	9	64	0
-4.233576642335766	10.902014846235419	0.06611570470473345	7.82844125318513	4	171	9	64	0
-4.233576642335766	10.901113467656415	0.1322314094094669	7.82844125318513	4	171	9	64	0
-4.233576642335766	10.897507953340403	0.07438016405292586	7.82844125318513	4	171	9	64	0
-4.233576642335766	10.8966065747614	0.3471074422200521	7.82844125318513	4	171	9	64	0
-4.233576642335766	10.895705196182396	0.2975206562117034	7.82844125318513	4	171	9	64	0
-4.233576642335766	10.894803817603393	0.10743801640529259	7.82844125318513	4	171	9	64	0
-4.232664233576642	10.901113467656415	0.06611570470473345	7.82844125318513	4	171	9	64	0
-4.232664233576642	10.900212089077412	0.3801652796128217	7.82844125318513	4	171	9	64	0
-4.232664233576642	10.899310710498408	0.20454545862534468	7.82844125318513	4	171	9	64	0
-4.232664233576642	10.898409331919407	0.19008263980641085	7.82844125318513	4	171	9	64	0
-4.232664233576642	10.897507953340403	0.09917355705710018	7.82844125318513	4	171	9	64	0
-4.232664233576642	10.8966065747614	0.32231406417547487	7.82844125318513	4	171	9	64	0
-4.232664233576642	10.895705196182396	0.30578511555989585	7.82844125318513	4	171	9	64	0
-4.232664233576642	10.894803817603393	0.14049586875765932	7.82844125318513	4	171	9	64	0
-4.231751824817518	10.900212089077412	0.20661157346239276	7.82844125318513	4	171	9	64	0
-4.231751824817518	10.899310710498408	0.29545455633425244	7.82844125318513	4	171	9	64	0
-4.231751824817518	10.898409331919407	0.19008263980641085	7.82844125318513	4	171	9	64	0
-4.231751824817518	10.8966065747614	0.32231406417547487	7.82844125318513	4	171	9	64	0
-4.231751824817518	10.895705196182396	0.3140495749080882	7.82844125318513	4	171	9	64	0
-4.231751824817518	10.894803817603393	0.09917355705710018	7.82844125318513	4	171	9	64	0
-4.230839416058394	10.900212089077412	0.12121211781221278	7.82844125318513	4	171	9	64	0
-4.230839416058394	10.899310710498408	0.4027777877508425	7.82844125318513	4	171	9	64	0
-4.230839416058394	10.898409331919407	0.3939393884995404	7.82844125318513	4	171	9	64	0
-4.230839416058394	10.897507953340403	0.3106060551662071	7.82844125318513	4	171	9	64	0
-4.230839416058394	10.8966065747614	0.2727272781671262	7.82844125318513	4	171	9	64	0
-4.230839416058394	10.895705196182396	0.12121211781221278	7.82844125318513	4	171	9	64	0
-4.2299270072992705	10.900212089077412	0.07438016405292586	7.82844125318513	4	171	9	64	0
-4.2299270072992705	10.899310710498408	0.18181818045821843	7.82844125318513	4	171	9	64	0
-4.2299270072992705	10.898409331919407	0.710743803136489	7.82844125318513	4	171	9	64	0
-4.2299270072992705	10.897507953340403	0.7024793437882966	7.82844125318513	4	171	9	64	0
-4.2299270072992705	10.8966065747614	0.4132231469247855	7.82844125318513	4	171	9	64	0
-4.2299270072992705	10.894803817603393	0.05785123787674249	7.82844125318513	4	171	9	64	0
-4.229014598540146	10.898409331919407	0.40495868757659315	7.82844125318513	4	171	9	64	0
-4.229014598540146	10.897507953340403	0.7272727218328737	7.82844125318513	4	171	9	64	0
-4.229014598540146	10.8966065747614	0.53719009698606	7.82844125318513	4	171	9	64	0
-4.229014598540146	10.895705196182396	0.12396694258147595	7.82844125318513	4	171	9	64	0
-4.228102189781022	10.897507953340403	0.5123967189414829	7.82844125318513	4	171	9	64	0
-4.228102189781022	10.8966065747614	0.7768594779220281	7.82844125318513	4	171	9	64	0
-4.228102189781022	10.895705196182396	0.2727272781671262	7.82844125318513	4	171	9	64	0
-4.228102189781022	10.894803817603393	0.09917355705710018	7.82844125318513	4	171	9	64	0
-4.227189781021898	10.897507953340403	0.28099173751531864	7.82844125318513	4	171	9	64	0
-4.227189781021898	10.8966065747614	0.45454544366574756	7.82844125318513	4	171	9	64	0
-4.227189781021898	10.895705196182396	0.3471074422200521	7.82844125318513	4	171	9	64	0
-4.227189781021898	10.894803817603393	0.3801652796128217	7.82844125318513	4	171	9	64	0
-4.227189781021898	10.889395546129375	0.14049586875765932	7.82844125318513	4	171	9	64	0
-4.226277372262774	10.8966065747614	0.20661157346239276	7.82844125318513	4	171	9	64	0
-4.226277372262774	10.895705196182396	0.20661157346239276	7.82844125318513	4	171	9	64	0
-4.225364963503649	10.900212089077412	0.42148760627297793	7.82844125318513	4	171	9	64	0
-4.225364963503649	10.899310710498408	0.22727272183287378	7.82844125318513	4	171	9	64	0
-4.224452554744525	10.900212089077412	0.10743801640529259	7.82844125318513	4	171	9	64	0
-4.224452554744525	10.899310710498408	0.12878787470798866	7.82844125318513	4	171	9	64	0
-4.224452554744525	10.893001060445387	0.19834711411420036	7.82844125318513	4	171	9	64	0
-4.224452554744525	10.892099681866384	0.11363636091643689	7.82844125318513	4	171	9	64	0
-4.223540145985401	10.89390243902439	0.06818181954178155	7.82844125318513	4	171	9	64	0
-4.223540145985401	10.893001060445387	0.1363636390835631	7.82844125318513	4	171	9	64	0
-4.223540145985401	10.892099681866384	0.05555555680218865	7.82844125318513	4	171	9	64	0
-4.2226277372262775	10.902014846235419	0.07438016405292586	7.82844125318513	4	171	9	64	0
-4.2226277372262775	10.901113467656415	0.28099173751531864	7.82844125318513	4	171	9	64	0
-4.2226277372262775	10.900212089077412	0.1487603281058517	7.82844125318513	4	171	9	64	0
-4.221715328467154	10.89390243902439	0.05785123787674249	7.82844125318513	4	171	9	64	0
-4.20985401459854	11.162513255567339	0.07575757643755744	68.5976232682278	4	177	10	26	0
-4.20985401459854	11.161611876988335	0.09917355705710018	68.5976232682278	4	177	10	26	0
-4.20985401459854	11.159809119830328	0.12396694258147595	68.5976232682278	4	177	10	26	0
-4.20985401459854	11.158907741251326	0.17355372111002604	68.5976232682278	4	177	10	26	0
-4.208941605839416	11.162513255567339	0.05555555680218865	68.5976232682278	4	177	10	26	0
-4.208029197080291	11.162513255567339	0.07575757643755744	68.5976232682278	4	177	10	26	0
-4.2071167883211675	11.159809119830328	0.07438016405292586	68.5976232682278	4	177	10	26	0
-4.206204379562044	11.160710498409331	0.11570247575348498	68.5976232682278	4	177	10	26	0
-4.20529197080292	11.158006362672323	0.09090909022910922	68.5976232682278	4	177	10	26	0
-4.20529197080292	11.15710498409332	0.05785123787674249	68.5976232682278	4	177	10	26	0
-4.204379562043796	11.15710498409332	0.3801652796128217	68.5976232682278	4	177	10	26	0
-4.203467153284672	11.16611876988335	0.16528926176183364	68.5976232682278	4	177	10	26	0
-4.202554744525548	11.158006362672323	0.1322314094094669	68.5976232682278	4	177	10	26	0
-4.201642335766423	11.158907741251326	0.20454545862534468	68.5976232682278	4	177	10	26	0
-4.201642335766423	11.158006362672323	0.6212121103324142	68.5976232682278	4	177	10	26	0
-4.201642335766423	11.15710498409332	0.1590909022910922	68.5976232682278	4	177	10	26	0
-4.200729927007299	11.158907741251326	0.4958677703259038	68.5976232682278	4	177	10	26	0
-4.200729927007299	11.158006362672323	0.8016529158049939	68.5976232682278	4	177	10	26	0
-4.200729927007299	11.15710498409332	0.1570247874540441	68.5976232682278	4	177	10	26	0
-4.199817518248175	11.158907741251326	0.25619835947074143	68.5976232682278	4	177	10	26	0
-4.199817518248175	11.158006362672323	0.479338851629519	68.5976232682278	4	177	10	26	0
-4.199817518248175	11.15710498409332	0.289256196863511	68.5976232682278	4	177	10	26	0
-4.198905109489051	11.158006362672323	0.06611570470473345	68.5976232682278	4	177	10	26	0
-4.197992700729927	11.156203605514316	0.06611570470473345	68.5976232682278	4	177	10	26	0
-4.197992700729927	11.155302226935312	0.06818181954178155	68.5976232682278	4	177	10	26	0
-4.197080291970803	11.155302226935312	0.06060605890610639	68.5976232682278	4	177	10	26	0
-4.161496350364963	10.818186638388124	0.23140495150696996	7.36940612367602	4	184	11	71	0
-4.161496350364963	10.81728525980912	0.22314049215877757	7.36940612367602	4	184	11	71	0
-4.161496350364963	10.815482502651113	0.3719008202646293	7.36940612367602	4	184	11	71	0
-4.161496350364963	10.81458112407211	0.1322314094094669	7.36940612367602	4	184	11	71	0
-4.161496350364963	10.813679745493108	0.07438016405292586	7.36940612367602	4	184	11	71	0
-4.160583941605839	10.819088016967125	0.24242423562442555	7.36940612367602	4	184	11	71	0
-4.160583941605839	10.818186638388124	0.5619834750306373	7.36940612367602	4	184	11	71	0
-4.160583941605839	10.81728525980912	0.7438016405292586	7.36940612367602	4	184	11	71	0
-4.160583941605839	10.816383881230117	0.710743803136489	7.36940612367602	4	184	11	71	0
-4.160583941605839	10.815482502651113	0.6115702311197917	7.36940612367602	4	184	11	71	0
-4.160583941605839	10.81458112407211	0.3305785235236673	7.36940612367602	4	184	11	71	0
-4.160583941605839	10.813679745493108	0.06611570470473345	7.36940612367602	4	184	11	71	0
-4.1596715328467155	10.821792152704136	0.289256196863511	7.36940612367602	4	184	11	71	0
-4.1596715328467155	10.820890774125132	0.05785123787674249	7.36940612367602	4	184	11	71	0
-4.1596715328467155	10.819088016967125	0.07575757643755744	7.36940612367602	4	184	11	71	0
-4.1596715328467155	10.818186638388124	0.4958677703259038	7.36940612367602	4	184	11	71	0
-4.1596715328467155	10.81728525980912	0.7355371811810661	7.36940612367602	4	184	11	71	0
-4.1596715328467155	10.816383881230117	0.2975206562117034	7.36940612367602	4	184	11	71	0
-4.1596715328467155	10.815482502651113	0.08264463088091682	7.36940612367602	4	184	11	71	0
-4.1596715328467155	10.81458112407211	0.2975206562117034	7.36940612367602	4	184	11	71	0
-4.158759124087592	10.82269353128314	0.12396694258147595	7.36940612367602	4	184	11	71	0
-4.158759124087592	10.821792152704136	0.38842973896101407	7.36940612367602	4	184	11	71	0
-4.158759124087592	10.820890774125132	0.36363636091643686	7.36940612367602	4	184	11	71	0
-4.158759124087592	10.819989395546129	0.2727272781671262	7.36940612367602	4	184	11	71	0
-4.158759124087592	10.819088016967125	0.3181818045821844	7.36940612367602	4	184	11	71	0
-4.158759124087592	10.818186638388124	0.4628099030139399	7.36940612367602	4	184	11	71	0
-4.158759124087592	10.81728525980912	0.5454545563342524	7.36940612367602	4	184	11	71	0
-4.158759124087592	10.816383881230117	0.30578511555989585	7.36940612367602	4	184	11	71	0
-4.158759124087592	10.81458112407211	0.12396694258147595	7.36940612367602	4	184	11	71	0
-4.157846715328467	10.82269353128314	0.38842973896101407	7.36940612367602	4	184	11	71	0
-4.157846715328467	10.821792152704136	0.619834690467984	7.36940612367602	4	184	11	71	0
-4.157846715328467	10.820890774125132	0.42148760627297793	7.36940612367602	4	184	11	71	0
-4.157846715328467	10.819989395546129	0.4628099030139399	7.36940612367602	4	184	11	71	0
-4.157846715328467	10.819088016967125	0.5454545563342524	7.36940612367602	4	184	11	71	0
-4.157846715328467	10.818186638388124	0.7272727218328737	7.36940612367602	4	184	11	71	0
-4.157846715328467	10.81728525980912	0.3801652796128217	7.36940612367602	4	184	11	71	0
-4.157846715328467	10.812778366914104	0.09090909022910922	7.36940612367602	4	184	11	71	0
-4.157846715328467	10.80917285259809	0.07438016405292586	7.36940612367602	4	184	11	71	0
-4.156934306569343	10.82269353128314	0.20454545862534468	7.36940612367602	4	184	11	71	0
-4.156934306569343	10.821792152704136	0.3484848620844822	7.36940612367602	4	184	11	71	0
-4.156934306569343	10.820890774125132	0.46969697241689645	7.36940612367602	4	184	11	71	0
-4.156934306569343	10.819989395546129	0.5606060551662071	7.36940612367602	4	184	11	71	0
-4.156934306569343	10.819088016967125	0.8819444244983149	7.36940612367602	4	184	11	71	0
-4.156934306569343	10.818186638388124	0.5681818345013787	7.36940612367602	4	184	11	71	0
-4.156934306569343	10.81728525980912	0.3106060551662071	7.36940612367602	4	184	11	71	0
-4.156934306569343	10.816383881230117	0.28030302758310355	7.36940612367602	4	184	11	71	0
-4.156021897810219	10.821792152704136	0.4628099030139399	7.36940612367602	4	184	11	71	0
-4.156021897810219	10.820890774125132	0.4132231469247855	7.36940612367602	4	184	11	71	0
-4.156021897810219	10.819989395546129	0.38842973896101407	7.36940612367602	4	184	11	71	0
-4.156021897810219	10.819088016967125	0.40151513791551774	7.36940612367602	4	184	11	71	0
-4.156021897810219	10.818186638388124	0.3966942282284007	7.36940612367602	4	184	11	71	0
-4.156021897810219	10.81728525980912	0.18181818045821843	7.36940612367602	4	184	11	71	0
-4.156021897810219	10.815482502651113	0.06611570470473345	7.36940612367602	4	184	11	71	0
-4.156021897810219	10.810074231177094	0.38842973896101407	7.36940612367602	4	184	11	71	0
-4.155109489051095	10.821792152704136	0.20661157346239276	7.36940612367602	4	184	11	71	0
-4.155109489051095	10.820890774125132	0.33884298287185965	7.36940612367602	4	184	11	71	0
-4.155109489051095	10.819989395546129	0.3471074422200521	7.36940612367602	4	184	11	71	0
-4.155109489051095	10.819088016967125	0.3939393884995404	7.36940612367602	4	184	11	71	0
-4.155109489051095	10.818186638388124	0.32231406417547487	7.36940612367602	4	184	11	71	0
-4.155109489051095	10.815482502651113	0.08264463088091682	7.36940612367602	4	184	11	71	0
-4.155109489051095	10.81458112407211	0.09090909022910922	7.36940612367602	4	184	11	71	0
-4.155109489051095	10.810975609756097	0.1570247874540441	7.36940612367602	4	184	11	71	0
-4.15419708029197	10.820890774125132	0.3305785235236673	7.36940612367602	4	184	11	71	0
-4.15419708029197	10.819989395546129	0.42148760627297793	7.36940612367602	4	184	11	71	0
-4.15419708029197	10.819088016967125	0.3484848620844822	7.36940612367602	4	184	11	71	0
-4.15419708029197	10.810975609756097	0.1487603281058517	7.36940612367602	4	184	11	71	0
-4.153284671532846	10.820890774125132	0.16528926176183364	7.36940612367602	4	184	11	71	0
-4.153284671532846	10.819989395546129	0.08264463088091682	7.36940612367602	4	184	11	71	0
-4.153284671532846	10.819088016967125	0.08333333333333333	7.36940612367602	4	184	11	71	0
-4.1523722627737225	10.820890774125132	0.09090909022910922	7.36940612367602	4	184	11	71	0
-4.149635036496351	10.812778366914104	0.0530303020103305	7.36940612367602	4	184	11	71	0
-4.12043795620438	11.09220572640509	0.0530303020103305	11.6468740277156	4	191	12	34	0
-4.119525547445256	11.09220572640509	0.07438016405292586	11.6468740277156	4	191	12	34	0
-4.118613138686131	11.091304347826087	0.08264463088091682	11.6468740277156	4	191	12	34	0
-4.118613138686131	11.090402969247084	0.25619835947074143	11.6468740277156	4	191	12	34	0
-4.118613138686131	11.08950159066808	0.25757574941597733	11.6468740277156	4	191	12	34	0
-4.118613138686131	11.086797454931071	0.05785123787674249	11.6468740277156	4	191	12	34	0
-4.118613138686131	11.085896076352068	0.12396694258147595	11.6468740277156	4	191	12	34	0
-4.118613138686131	11.084994697773064	0.08264463088091682	11.6468740277156	4	191	12	34	0
-4.117700729927007	11.090402969247084	0.05785123787674249	11.6468740277156	4	191	12	34	0
-4.117700729927007	11.08950159066808	0.325757583917356	11.6468740277156	4	191	12	34	0
-4.117700729927007	11.087698833510075	0.09917355705710018	11.6468740277156	4	191	12	34	0
-4.117700729927007	11.086797454931071	0.23140495150696996	11.6468740277156	4	191	12	34	0
-4.117700729927007	11.085896076352068	0.36363636091643686	11.6468740277156	4	191	12	34	0
-4.117700729927007	11.084994697773064	0.17355372111002604	11.6468740277156	4	191	12	34	0
-4.116788321167883	11.090402969247084	0.05785123787674249	11.6468740277156	4	191	12	34	0
-4.116788321167883	11.086797454931071	0.2644628188189338	11.6468740277156	4	191	12	34	0
-4.116788321167883	11.085896076352068	0.3471074422200521	11.6468740277156	4	191	12	34	0
-4.116788321167883	11.084994697773064	0.5289256376378676	11.6468740277156	4	191	12	34	0
-4.116788321167883	11.08409331919406	0.19008263980641085	11.6468740277156	4	191	12	34	0
-4.115875912408759	11.085896076352068	0.25619835947074143	11.6468740277156	4	191	12	34	0
-4.115875912408759	11.084994697773064	0.5867768530752144	11.6468740277156	4	191	12	34	0
-4.115875912408759	11.08409331919406	0.3966942282284007	11.6468740277156	4	191	12	34	0
-4.114963503649635	11.086797454931071	0.10743801640529259	11.6468740277156	4	191	12	34	0
-4.114963503649635	11.085896076352068	0.2727272781671262	11.6468740277156	4	191	12	34	0
-4.114963503649635	11.084994697773064	0.36363636091643686	11.6468740277156	4	191	12	34	0
-4.114963503649635	11.08409331919406	0.7438016405292586	11.6468740277156	4	191	12	34	0
-4.114963503649635	11.083191940615059	0.20661157346239276	11.6468740277156	4	191	12	34	0
-4.114051094890511	11.088600212089077	0.09090909022910922	11.6468740277156	4	191	12	34	0
-4.114051094890511	11.087698833510075	0.23140495150696996	11.6468740277156	4	191	12	34	0
-4.114051094890511	11.086797454931071	0.6115702311197917	11.6468740277156	4	191	12	34	0
-4.114051094890511	11.085896076352068	0.7190082624846814	11.6468740277156	4	191	12	34	0
-4.114051094890511	11.084994697773064	0.3719008202646293	11.6468740277156	4	191	12	34	0
-4.114051094890511	11.08409331919406	0.4380165249693627	11.6468740277156	4	191	12	34	0
-4.114051094890511	11.083191940615059	0.33884298287185965	11.6468740277156	4	191	12	34	0