-4.420620437956204	11.230116648992576	0.1487603281058517	43.7616149920218	4	1	1	14	0
-4.420620437956204	11.229215270413572	0.2396694258147595	43.7616149920218	4	1	1	14	0
-4.420620437956204	11.227412513255567	0.05785123787674249	43.7616149920218	4	1	1	14	0
-4.420620437956204	11.222905620360551	0.09917355705710018	43.7616149920218	4	1	1	14	0
-4.420620437956204	11.217497348886532	0.2975206562117034	43.7616149920218	4	1	1	14	0
-4.420620437956204	11.216595970307528	0.05785123787674249	43.7616149920218	4	1	1	14	0
-4.420620437956204	10.984040296924707	0.30578511555989585	17.673087057737	5	2	2	34	0
-4.420620437956204	10.983138918345706	0.42148760627297793	17.673087057737	5	2	2	34	0
-4.420620437956204	10.982237539766702	0.53719009698606	17.673087057737	5	2	2	34	0
-4.420620437956204	10.981336161187699	0.4710743922813266	17.673087057737	5	2	2	34	0
-4.420620437956204	10.980434782608695	0.6942148844401042	17.673087057737	5	2	2	34	0
-4.420620437956204	10.979533404029691	0.7196969424977022	17.673087057737	5	2	2	34	0
-4.420620437956204	10.97863202545069	0.11570247575348498	17.673087057737	5	2	2	34	0
-4.41970802919708	11.230116648992576	0.05785123787674249	43.7616149920218	4	1	1	14	0
-4.41970802919708	11.216595970307528	0.07438016405292586	43.7616149920218	4	1	1	14	0
-4.41970802919708	11.215694591728525	0.06611570470473345	43.7616149920218	4	1	1	14	0
-4.41970802919708	10.98494167550371	0.4132231469247855	17.673087057737	5	2	2	34	0
-4.41970802919708	10.984040296924707	0.710743803136489	17.673087057737	5	2	2	34	0
-4.41970802919708	10.983138918345706	0.6528925876991422	17.673087057737	5	2	2	34	0
-4.41970802919708	10.982237539766702	0.7355371811810661	17.673087057737	5	2	2	34	0
-4.41970802919708	10.981336161187699	0.7603305592256434	17.673087057737	5	2	2	34	0
-4.41970802919708	10.980434782608695	0.5123967189414829	17.673087057737	5	2	2	34	0
-4.41970802919708	10.979533404029691	0.4393939448337929	17.673087057737	5	2	2	34	0
-4.418795620437956	11.215694591728525	0.10743801640529259	43.7616149920218	4	1	1	14	0
-4.418795620437956	11.214793213149523	0.19008263980641085	43.7616149920218	4	1	1	14	0
-4.418795620437956	11.21389183457052	0.06818181954178155	43.7616149920218	4	1	1	14	0
-4.418795620437956	10.985843054082714	0.16528926176183364	17.673087057737	5	2	2	34	0
-4.418795620437956	10.98494167550371	0.3140495749080882	17.673087057737	5	2	2	34	0
-4.418795620437956	10.984040296924707	0.6280991498161764	17.673087057737	5	2	2	34	0
-4.418795620437956	10.983138918345706	0.20661157346239276	17.673087057737	5	2	2	34	0
-4.418795620437956	10.982237539766702	0.1487603281058517	17.673087057737	5	2	2	34	0
-4.418795620437956	10.981336161187699	0.3305785235236673	17.673087057737	5	2	2	34	0
-4.418795620437956	10.980434782608695	0.4628099030139399	17.673087057737	5	2	2	34	0
-4.418795620437956	10.979533404029691	0.2727272781671262	17.673087057737	5	2	2	34	0
-4.4178832116788325	11.214793213149523	0.17355372111002604	43.7616149920218	4	1	1	14	0
-4.4178832116788325	10.985843054082714	0.16528926176183364	17.673087057737	5	2	2	34	0
-4.4178832116788325	10.98494167550371	0.19834711411420036	17.673087057737	5	2	2	34	0
-4.4178832116788325	10.984040296924707	0.2396694258147595	17.673087057737	5	2	2	34	0
-4.4178832116788325	10.982237539766702	0.07438016405292586	17.673087057737	5	2	2	34	0
-4.4178832116788325	10.980434782608695	0.07438016405292586	17.673087057737	5	2	2	34	0
-4.4178832116788325	10.97863202545069	0.20661157346239276	17.673087057737	5	2	2	34	0
-4.416970802919708	11.214793213149523	0.18181818045821843	43.7616149920218	4	1	1	14	0
-4.416970802919708	10.986744432661718	0.08333333333333333	17.673087057737	5	2	2	34	0
-4.416970802919708	10.979533404029691	0.44696969424977023	17.673087057737	5	2	2	34	0
-4.416970802919708	10.97863202545069	0.6446281283509497	17.673087057737	5	2	2	34	0
-4.416058394160584	10.981336161187699	0.14393938849954044	17.673087057737	5	2	2	34	0
-4.416058394160584	10.979533404029691	0.14583333333333334	17.673087057737	5	2	2	34	0
-4.416058394160584	10.97863202545069	0.07575757643755744	17.673087057737	5	2	2	34	0
-4.380474452554744	10.893001060445387	0.08264463088091682	8.15858045975285	4	10	3	80	0
-4.380474452554744	10.892099681866384	0.14393938849954044	8.15858045975285	4	10	3	80	0
-4.380474452554744	10.89119830328738	0.05785123787674249	8.15858045975285	4	10	3	80	0
-4.380474452554744	10.888494167550371	0.25619835947074143	8.15858045975285	4	10	3	80	0
-4.380474452554744	10.887592788971368	0.30578511555989585	8.15858045975285	4	10	3	80	0
-4.37956204379562	10.893001060445387	0.08264463088091682	8.15858045975285	4	10	3	80	0
-4.37956204379562	10.892099681866384	0.08333333333333333	8.15858045975285	4	10	3	80	0
-4.37956204379562	10.89119830328738	0.2644628188189338	8.15858045975285	4	10	3	80	0
-4.37956204379562	10.890296924708377	0.14049586875765932	8.15858045975285	4	10	3	80	0
-4.37956204379562	10.889395546129375	0.09917355705710018	8.15858045975285	4	10	3	80	0
-4.37956204379562	10.888494167550371	0.19834711411420036	8.15858045975285	4	10	3	80	0
-4.37956204379562	10.887592788971368	0.16528926176183364	8.15858045975285	4	10	3	80	0
-4.3786496350364965	10.892099681866384	0.0763888863956227	8.15858045975285	4	10	3	80	0
-4.3786496350364965	10.89119830328738	0.08333333333333333	8.15858045975285	4	10	3	80	0
-4.3786496350364965	10.890296924708377	0.4318181954178156	8.15858045975285	4	10	3	80	0
-4.3786496350364965	10.889395546129375	0.35606061150045953	8.15858045975285	4	10	3	80	0
-4.3786496350364965	10.888494167550371	0.6893939448337929	8.15858045975285	4	10	3	80	0
-4.3786496350364965	10.887592788971368	0.5833333333333334	8.15858045975285	4	10	3	80	0
-4.3786496350364965	10.886691410392364	0.4848484712488511	8.15858045975285	4	10	3	80	0
-4.377737226277373	10.89119830328738	0.09090909022910922	8.15858045975285	4	10	3	80	0
-4.377737226277373	10.890296924708377	0.14049586875765932	8.15858045975285	4	10	3	80	0
-4.377737226277373	10.889395546129375	0.30578511555989585	8.15858045975285	4	10	3	80	0
-4.377737226277373	10.888494167550371	0.5041322595932904	8.15858045975285	4	10	3	80	0
-4.377737226277373	10.887592788971368	0.7685950185738357	8.15858045975285	4	10	3	80	0
-4.377737226277373	10.886691410392364	0.7438016405292586	8.15858045975285	4	10	3	80	0
-4.377737226277373	10.885790031813361	0.5867768530752144	8.15858045975285	4	10	3	80	0
-4.377737226277373	10.884888653234357	0.0530303020103305	8.15858045975285	4	10	3	80	0
-4.376824817518248	10.89119830328738	0.10743801640529259	8.15858045975285	4	10	3	80	0
-4.376824817518248	10.890296924708377	0.289256196863511	8.15858045975285	4	10	3	80	0
-4.376824817518248	10.889395546129375	0.578512393727022	8.15858045975285	4	10	3	80	0
-4.376824817518248	10.888494167550371	0.8429752125459559	8.15858045975285	4	10	3	80	0
-4.376824817518248	10.887592788971368	0.8429752125459559	8.15858045975285	4	10	3	80	0
-4.376824817518248	10.886691410392364	0.619834690467984	8.15858045975285	4	10	3	80	0
-4.376824817518248	10.885790031813361	0.8512396718941483	8.15858045975285	4	10	3	80	0
-4.376824817518248	10.884888653234357	0.3106060551662071	8.15858045975285	4	10	3	80	0
-4.376824817518248	10.783934252386002	0.16528926176183364	16.0609814075936	4	11	4	37	0
-4.376824817518248	10.783032873806999	0.4132231469247855	16.0609814075936	4	11	4	37	0
-4.375912408759124	10.89119830328738	0.30578511555989585	8.15858045975285	4	10	3	80	0
-4.375912408759124	10.890296924708377	0.40495868757659315	8.15858045975285	4	10	3	80	0
-4.375912408759124	10.889395546129375	0.44628098431755514	8.15858045975285	4	10	3	80	0
-4.375912408759124	10.888494167550371	0.6528925876991422	8.15858045975285	4	10	3	80	0
-4.375912408759124	10.887592788971368	0.42975206562117035	8.15858045975285	4	10	3	80	0
-4.375912408759124	10.886691410392364	0.1487603281058517	8.15858045975285	4	10	3	80	0
-4.375912408759124	10.885790031813361	0.6115702311197917	8.15858045975285	4	10	3	80	0
-4.375912408759124	10.884888653234357	0.8939393884995405	8.15858045975285	4	10	3	80	0
-4.375912408759124	10.883987274655356	0.1570247874540441	8.15858045975285	4	10	3	80	0
-4.375912408759124	10.791145281018027	0.1322314094094669	16.0609814075936	4	11	4	37	0
-4.375912408759124	10.790243902439023	0.5227272781671262	16.0609814075936	4	11	4	37	0
-4.375912408759124	10.789342523860022	0.5702479343788297	16.0609814075936	4	11	4	37	0
-4.375912408759124	10.788441145281018	0.42148760627297793	16.0609814075936	4	11	4	37	0
-4.375912408759124	10.787539766702015	0.33884298287185965	16.0609814075936	4	11	4	37	0
-4.375912408759124	10.786638388123011	0.09917355705710018	16.0609814075936	4	11	4	37	0
-4.375912408759124	10.785737009544007	0.11570247575348498	16.0609814075936	4	11	4	37	0
-4.375912408759124	10.783934252386002	0.07438016405292586	16.0609814075936	4	11	4	37	0
-4.375912408759124	10.783032873806999	0.20661157346239276	16.0609814075936	4	11	4	37	0
-4.375	10.8966065747614	0.06611570470473345	8.15858045975285	4	10	3	80	0
-4.375	10.893001060445387	0.09090909022910922	8.15858045975285	4	10	3	80	0
-4.375	10.892099681866384	0.44696969424977023	8.15858045975285	4	10	3	80	0
-4.375	10.89119830328738	0.5619834750306373	8.15858045975285	4	10	3	80	0
-4.375	10.890296924708377	0.22314049215877757	8.15858045975285	4	10	3	80	0
-4.375	10.889395546129375	0.17355372111002604	8.15858045975285	4	10	3	80	0
-4.375	10.888494167550371	0.38842973896101407	8.15858045975285	4	10	3	80	0
-4.375	10.887592788971368	0.7024793437882966	8.15858045975285	4	10	3	80	0
-4.375	10.886691410392364	0.3966942282284007	8.15858045975285	4	10	3	80	0
-4.375	10.885790031813361	0.4132231469247855	8.15858045975285	4	10	3	80	0
-4.375	10.884888653234357	0.5606060551662071	8.15858045975285	4	10	3	80	0
-4.375	10.883987274655356	0.479338851629519	8.15858045975285	4	10	3	80	0
-4.375	10.790243902439023	0.12878787470798866	16.0609814075936	4	11	4	37	0
-4.375	10.789342523860022	0.53719009698606	16.0609814075936	4	11	4	37	0
-4.375	10.788441145281018	0.4958677703259038	16.0609814075936	4	11	4	37	0
-4.375	10.787539766702015	0.32231406417547487	16.0609814075936	4	11	4	37	0
-4.375	10.782131495227995	0.106060604020661	16.0609814075936	4	11	4	37	0
-4.375	10.781230116648992	0.06611570470473345	16.0609814075936	4	11	4	37	0
-4.374087591240876	10.89390243902439	0.2396694258147595	8.15858045975285	4	10	3	80	0
-4.374087591240876	10.893001060445387	0.28099173751531864	8.15858045975285	4	10	3	80	0
-4.374087591240876	10.892099681866384	0.6212121103324142	8.15858045975285	4	10	3	80	0
-4.374087591240876	10.89119830328738	0.5867768530752144	8.15858045975285	4	10	3	80	0
-4.374087591240876	10.890296924708377	0.3553719015682445	8.15858045975285	4	10	3	80	0
-4.374087591240876	10.888494167550371	0.33884298287185965	8.15858045975285	4	10	3	80	0
-4.374087591240876	10.887592788971368	0.5537190156824449	8.15858045975285	4	10	3	80	0
-4.374087591240876	10.886691410392364	0.30578511555989585	8.15858045975285	4	10	3	80	0
-4.374087591240876	10.883987274655356	0.17355372111002604	8.15858045975285	4	10	3	80	0
-4.374087591240876	10.789342523860022	0.3966942282284007	16.0609814075936	4	11	4	37	0
-4.374087591240876	10.788441145281018	0.1322314094094669	16.0609814075936	4	11	4	37	0
-4.374087591240876	10.787539766702015	0.2975206562117034	16.0609814075936	4	11	4	37	0
-4.374087591240876	10.781230116648992	0.17355372111002604	16.0609814075936	4	11	4	37	0
-4.373175182481752	10.89390243902439	0.14049586875765932	8.15858045975285	4	10	3	80	0
-4.373175182481752	10.893001060445387	0.6446281283509497	8.15858045975285	4	10	3	80	0
-4.373175182481752	10.892099681866384	0.5833333333333334	8.15858045975285	4	10	3	80	0
-4.373175182481752	10.89119830328738	0.19008263980641085	8.15858045975285	4	10	3	80	0
-4.373175182481752	10.888494167550371	0.2975206562117034	8.15858045975285	4	10	3	80	0
-4.373175182481752	10.887592788971368	0.3140495749080882	8.15858045975285	4	10	3	80	0
-4.373175182481752	10.886691410392364	0.289256196863511	8.15858045975285	4	10	3	80	0
-4.373175182481752	10.783032873806999	0.1487603281058517	16.0609814075936	4	11	4	37	0
-4.372262773722627	10.893001060445387	0.21487603281058518	8.15858045975285	4	10	3	80	0
-4.372262773722627	10.892099681866384	0.2651515287511489	8.15858045975285	4	10	3	80	0
-4.372262773722627	10.889395546129375	0.07438016405292586	8.15858045975285	4	10	3	80	0
-4.372262773722627	10.888494167550371	0.23140495150696996	8.15858045975285	4	10	3	80	0
-4.372262773722627	10.887592788971368	0.09917355705710018	8.15858045975285	4	10	3	80	0
-4.372262773722627	10.886691410392364	0.06611570470473345	8.15858045975285	4	10	3	80	0
-4.372262773722627	10.788441145281018	0.14049586875765932	16.0609814075936	4	11	4	37	0
-4.372262773722627	10.782131495227995	0.106060604020661	16.0609814075936	4	11	4	37	0
-4.3713503649635035	10.888494167550371	0.06818181954178155	8.15858045975285	4	10	3	80	0
-4.3713503649635035	10.793849416755037	0.06060605890610639	16.0609814075936	4	11	4	37	0
-4.3713503649635035	10.792948038176034	0.12121211781221278	16.0609814075936	4	11	4	37	0
-4.3713503649635035	10.79204665959703	0.16666666666666666	16.0609814075936	4	11	4	37	0
-4.3713503649635035	10.791145281018027	0.06060605890610639	16.0609814075936	4	11	4	37	0
-4.3713503649635035	10.790243902439023	0.13888889387542125	16.0609814075936	4	11	4	37	0
-4.3713503649635035	10.789342523860022	0.1742424310422411	16.0609814075936	4	11	4	37	0
-4.3713503649635035	10.788441145281018	0.325757583917356	16.0609814075936	4	11	4	37	0
-4.3713503649635035	10.782131495227995	0.09722221972895603	16.0609814075936	4	11	4	37	0
-4.37043795620438	10.888494167550371	0.06611570470473345	8.15858045975285	4	10	3	80	0
-4.37043795620438	10.79204665959703	0.05785123787674249	16.0609814075936	4	11	4	37	0
-4.369525547445256	10.790243902439023	0.0984848471248851	16.0609814075936	4	11	4	37	0
-4.368613138686132	10.790243902439023	0.24242423562442555	16.0609814075936	4	11	4	37	0
-4.367700729927007	10.788441145281018	0.08264463088091682	16.0609814075936	4	11	4	37	0
-4.366788321167883	10.788441145281018	0.05785123787674249	16.0609814075936	4	11	4	37	0
-4.3476277372262775	10.827200424178155	0.07438016405292586	7.37195169187081	5	49	5	61	0
-4.343978102189781	10.824496288441145	0.12396694258147595	7.37195169187081	5	49	5	61	0
-4.343065693430657	10.830805938494168	0.07438016405292586	7.37195169187081	5	49	5	61	0
-4.342153284671533	10.829904559915164	0.1742424310422411	7.37195169187081	5	49	5	61	0
-4.342153284671533	10.82900318133616	0.1363636390835631	7.37195169187081	5	49	5	61	0
-4.342153284671533	10.828101802757157	0.1742424310422411	7.37195169187081	5	49	5	61	0
-4.342153284671533	10.820890774125132	0.106060604020661	7.37195169187081	5	49	5	61	0
-4.341240875912408	10.829904559915164	0.3140495749080882	7.37195169187081	5	49	5	61	0
-4.341240875912408	10.82900318133616	0.42148760627297793	7.37195169187081	5	49	5	61	0
-4.341240875912408	10.828101802757157	0.22314049215877757	7.37195169187081	5	49	5	61	0
-4.3403284671532845	10.830805938494168	0.19834711411420036	7.37195169187081	5	49	5	61	0
-4.3403284671532845	10.829904559915164	0.09917355705710018	7.37195169187081	5	49	5	61	0
-4.3403284671532845	10.82900318133616	0.12396694258147595	7.37195169187081	5	49	5	61	0
-4.3403284671532845	10.828101802757157	0.19008263980641085	7.37195169187081	5	49	5	61	0
-4.3403284671532845	10.827200424178155	0.5206611782896753	7.37195169187081	5	49	5	61	0
-4.3403284671532845	10.826299045599152	0.0530303020103305	7.37195169187081	5	49	5	61	0
-4.339416058394161	10.830805938494168	0.2479338851629519	7.37195169187081	5	49	5	61	0
-4.339416058394161	10.829904559915164	0.2396694258147595	7.37195169187081	5	49	5	61	0
-4.339416058394161	10.828101802757157	0.20661157346239276	7.37195169187081	5	49	5	61	0
-4.339416058394161	10.827200424178155	0.8512396718941483	7.37195169187081	5	49	5	61	0
-4.339416058394161	10.826299045599152	0.46969697241689645	7.37195169187081	5	49	5	61	0
-4.338503649635037	10.830805938494168	0.2975206562117034	7.37195169187081	5	49	5	61	0
-4.338503649635037	10.829904559915164	0.3966942282284007	7.37195169187081	5	49	5	61	0
-4.338503649635037	10.82900318133616	0.09090909022910922	7.37195169187081	5	49	5	61	0
-4.338503649635037	10.828101802757157	0.20661157346239276	7.37195169187081	5	49	5	61	0
-4.338503649635037	10.827200424178155	0.3966942282284007	7.37195169187081	5	49	5	61	0
-4.338503649635037	10.826299045599152	0.36363636091643686	7.37195169187081	5	49	5	61	0
-4.338503649635037	10.825397667020148	0.3719008202646293	7.37195169187081	5	49	5	61	0
-4.337591240875913	10.83441145281018	0.1570247874540441	7.37195169187081	5	49	5	61	0
-4.337591240875913	10.829904559915164	0.11570247575348498	7.37195169187081	5	49	5	61	0
-4.337591240875913	10.82900318133616	0.06611570470473345	7.37195169187081	5	49	5	61	0
-4.337591240875913	10.827200424178155	0.1322314094094669	7.37195169187081	5	49	5	61	0
-4.337591240875913	10.826299045599152	0.09090909022910922	7.37195169187081	5	49	5	61	0
-4.337591240875913	10.825397667020148	0.5619834750306373	7.37195169187081	5	49	5	61	0
-4.337591240875913	10.824496288441145	0.2479338851629519	7.37195169187081	5	49	5	61	0
-4.336678832116789	11.310339342523859	0.06611570470473345	14.4841867448359	5	50	6	60	0
-4.336678832116789	10.82900318133616	0.19834711411420036	7.37195169187081	5	49	5	61	0
-4.336678832116789	10.827200424178155	0.21487603281058518	7.37195169187081	5	49	5	61	0
-4.336678832116789	10.826299045599152	0.18181818045821843	7.37195169187081	5	49	5	61	0
-4.336678832116789	10.825397667020148	0.17355372111002604	7.37195169187081	5	49	5	61	0
-4.336678832116789	10.824496288441145	0.18181818045821843	7.37195169187081	5	49	5	61	0
-4.335766423357664	10.828101802757157	0.2479338851629519	7.37195169187081	5	49	5	61	0
-4.335766423357664	10.827200424178155	0.3801652796128217	7.37195169187081	5	49	5	61	0
-4.335766423357664	10.826299045599152	0.5378787769990808	7.37195169187081	5	49	5	61	0
-4.335766423357664	10.825397667020148	0.09090909022910922	7.37195169187081	5	49	5	61	0
-4.335766423357664	10.823594909862141	0.22314049215877757	7.37195169187081	5	49	5	61	0
-4.335766423357664	10.82269353128314	0.30578511555989585	7.37195169187081	5	49	5	61	0
-4.335766423357664	10.821792152704136	0.19834711411420036	7.37195169187081	5	49	5	61	0
-4.33485401459854	11.312142099681866	0.08333333333333333	14.4841867448359	5	50	6	60	0
-4.33485401459854	11.311240721102862	0.14393938849954044	14.4841867448359	5	50	6	60	0
-4.33485401459854	10.828101802757157	0.18181818045821843	7.37195169187081	5	49	5	61	0
-4.33485401459854	10.827200424178155	0.24242423562442555	7.37195169187081	5	49	5	61	0
-4.33485401459854	10.826299045599152	0.3680555455824908	7.37195169187081	5	49	5	61	0
-4.33485401459854	10.82269353128314	0.08333333333333333	7.37195169187081	5	49	5	61	0
-4.33485401459854	10.821792152704136	0.15151515287511488	7.37195169187081	5	49	5	61	0
-4.333941605839416	11.312142099681866	0.19008263980641085	14.4841867448359	5	50	6	60	0
-4.333941605839416	11.311240721102862	0.09090909022910922	14.4841867448359	5	50	6	60	0
-4.333941605839416	10.821792152704136	0.06611570470473345	7.37195169187081	5	49	5	61	0
-4.333941605839416	10.820890774125132	0.09090909022910922	7.37195169187081	5	49	5	61	0
-4.333941605839416	10.819088016967125	0.06060605890610639	7.37195169187081	5	49	5	61	0
-4.333029197080292	11.315747613997878	0.12121211781221278	14.4841867448359	5	50	6	60	0
-4.333029197080292	11.314846235418875	0.1322314094094669	14.4841867448359	5	50	6	60	0
-4.333029197080292	11.312142099681866	0.06611570470473345	14.4841867448359	5	50	6	60	0
-4.333029197080292	11.311240721102862	0.12396694258147595	14.4841867448359	5	50	6	60	0
-4.333029197080292	10.82269353128314	0.05785123787674249	7.37195169187081	5	49	5	61	0
-4.333029197080292	10.821792152704136	0.1487603281058517	7.37195169187081	5	49	5	61	0
-4.333029197080292	10.820890774125132	0.33884298287185965	7.37195169187081	5	49	5	61	0
-4.333029197080292	10.819088016967125	0.1363636390835631	7.37195169187081	5	49	5	61	0
-4.3321167883211675	11.314846235418875	0.05785123787674249	14.4841867448359	5	50	6	60	0
-4.3321167883211675	11.31304347826087	0.09090909022910922	14.4841867448359	5	50	6	60	0
-4.3321167883211675	11.312142099681866	0.289256196863511	14.4841867448359	5	50	6	60	0
-4.3321167883211675	11.311240721102862	0.12396694258147595	14.4841867448359	5	50	6	60	0
-4.3321167883211675	11.306733828207847	0.06611570470473345	14.4841867448359	5	50	6	60	0
-4.3321167883211675	10.82269353128314	0.18181818045821843	7.37195169187081	5	49	5	61	0
-4.3321167883211675	10.819989395546129	0.08264463088091682	7.37195169187081	5	49	5	61	0
-4.331204379562044	11.316648992576882	0.08264463088091682	14.4841867448359	5	50	6	60	0
-4.331204379562044	11.31304347826087	0.12396694258147595	14.4841867448359	5	50	6	60	0
-4.331204379562044	11.312142099681866	0.17355372111002604	14.4841867448359	5	50	6	60	0
-4.331204379562044	11.306733828207847	0.09917355705710018	14.4841867448359	5	50	6	60	0
-4.33029197080292	11.31304347826087	0.19834711411420036	14.4841867448359	5	50	6	60	0
-4.33029197080292	11.312142099681866	0.19834711411420036	14.4841867448359	5	50	6	60	0
-4.33029197080292	11.311240721102862	0.06611570470473345	14.4841867448359	5	50	6	60	0
-4.33029197080292	11.310339342523859	0.09090909022910922	14.4841867448359	5	50	6	60	0
-4.329379562043796	11.314846235418875	0.18181818045821843	14.4841867448359	5	50	6	60	0
-4.329379562043796	11.313944856839873	0.3719008202646293	14.4841867448359	5	50	6	60	0
-4.329379562043796	11.31304347826087	0.1487603281058517	14.4841867448359	5	50	6	60	0
-4.329379562043796	11.311240721102862	0.18181818045821843	14.4841867448359	5	50	6	60	0
-4.329379562043796	11.310339342523859	0.05785123787674249	14.4841867448359	5	50	6	60	0
-4.328467153284672	11.313944856839873	0.08264463088091682	14.4841867448359	5	50	6	60	0
-4.328467153284672	11.31304347826087	0.289256196863511	14.4841867448359	5	50	6	60	0
-4.328467153284672	11.312142099681866	0.2727272781671262	14.4841867448359	5	50	6	60	0
-4.328467153284672	11.311240721102862	0.06611570470473345	14.4841867448359	5	50	6	60	0
-4.328467153284672	11.309437963944855	0.09090909022910922	14.4841867448359	5	50	6	60	0
-4.327554744525547	11.318451749734889	0.37878788966758575	14.4841867448359	5	50	6	60	0
-4.327554744525547	11.317550371155885	0.4621212230009191	14.4841867448359	5	50	6	60	0
-4.327554744525547	11.316648992576882	0.3712121103324142	14.4841867448359	5	50	6	60	0
-4.327554744525547	11.315747613997878	0.3125	14.4841867448359	5	50	6	60	0
-4.327554744525547	11.314846235418875	0.651515167834712	14.4841867448359	5	50	6	60	0
-4.327554744525547	11.313944856839873	0.22727272183287378	14.4841867448359	5	50	6	60	0
-4.327554744525547	11.311240721102862	0.0984848471248851	14.4841867448359	5	50	6	60	0
-4.327554744525547	11.309437963944855	0.106060604020661	14.4841867448359	5	50	6	60	0
-4.326642335766423	11.318451749734889	0.479338851629519	14.4841867448359	5	50	6	60	0
-4.326642335766423	11.317550371155885	0.7851239372702206	14.4841867448359	5	50	6	60	0
-4.326642335766423	11.316648992576882	0.8760330499387254	14.4841867448359	5	50	6	60	0
-4.326642335766423	11.315747613997878	0.9318181654986213	14.4841867448359	5	50	6	60	0
-4.326642335766423	11.314846235418875	0.9504132439108456	14.4841867448359	5	50	6	60	0
-4.326642335766423	11.313944856839873	0.4380165249693627	14.4841867448359	5	50	6	60	0
-4.326642335766423	11.31304347826087	0.07438016405292586	14.4841867448359	5	50	6	60	0
-4.325729927007299	11.318451749734889	0.23140495150696996	14.4841867448359	5	50	6	60	0
-4.325729927007299	11.317550371155885	0.6611570470473346	14.4841867448359	5	50	6	60	0
-4.325729927007299	11.316648992576882	0.9917355406518076	14.4841867448359	5	50	6	60	0
-4.325729927007299	11.315747613997878	0.8939393884995405	14.4841867448359	5	50	6	60	0
-4.325729927007299	11.314846235418875	0.7603305592256434	14.4841867448359	5	50	6	60	0
-4.325729927007299	11.313944856839873	0.3801652796128217	14.4841867448359	5	50	6	60	0
-4.325729927007299	11.31304347826087	0.09090909022910922	14.4841867448359	5	50	6	60	0
-4.324817518248175	11.317550371155885	0.1322314094094669	14.4841867448359	5	50	6	60	0
-4.324817518248175	11.316648992576882	0.8677685905905331	14.4841867448359	5	50	6	60	0
-4.324817518248175	11.315747613997878	0.9393939448337929	14.4841867448359	5	50	6	60	0
-4.324817518248175	11.314846235418875	0.5041322595932904	14.4841867448359	5	50	6	60	0
-4.323905109489051	11.316648992576882	0.11570247575348498	14.4841867448359	5	50	6	60	0
-4.323905109489051	11.315747613997878	0.36363636091643686	14.4841867448359	5	50	6	60	0
-4.29470802919708	11.059756097560975	0.07438016405292586	16.8501512013304	5	123	7	40	0
-4.29470802919708	11.057051961823966	0.08264463088091682	16.8501512013304	5	123	7	40	0
-4.293795620437956	11.059756097560975	0.28099173751531864	16.8501512013304	5	123	7	40	0
-4.293795620437956	11.058854718981973	0.3966942282284007	16.8501512013304	5	123	7	40	0
-4.293795620437956	11.05795334040297	0.07438016405292586	16.8501512013304	5	123	7	40	0
-4.293795620437956	11.057051961823966	0.12396694258147595	16.8501512013304	5	123	7	40	0
-4.2928832116788325	11.061558854718982	0.08264463088091682	16.8501512013304	5	123	7	40	0
-4.2928832116788325	11.060657476139978	0.22727272183287378	16.8501512013304	5	123	7	40	0
-4.2928832116788325	11.059756097560975	0.53719009698606	16.8501512013304	5	123	7	40	0
-4.2928832116788325	11.058854718981973	0.5619834750306373	16.8501512013304	5	123	7	40	0
-4.2928832116788325	11.05795334040297	0.14049586875765932	16.8501512013304	5	123	7	40	0
-4.2928832116788325	11.057051961823966	0.05785123787674249	16.8501512013304	5	123	7	40	0
-4.291970802919708	11.061558854718982	0.4132231469247855	16.8501512013304	5	123	7	40	0
-4.291970802919708	11.060657476139978	0.5757575539981618	16.8501512013304	5	123	7	40	0
-4.291970802919708	11.059756097560975	0.42975206562117035	16.8501512013304	5	123	7	40	0
-4.291970802919708	11.058854718981973	0.3966942282284007	16.8501512013304	5	123	7	40	0
-4.291970802919708	11.05795334040297	0.08264463088091682	16.8501512013304	5	123	7	40	0
-4.291970802919708	11.056150583244962	0.06611570470473345	16.8501512013304	5	123	7	40	0
-4.291058394160584	11.062460233297985	0.05785123787674249	16.8501512013304	5	123	7	40	0
-4.291058394160584	11.061558854718982	0.5454545563342524	16.8501512013304	5	123	7	40	0
-4.291058394160584	11.060657476139978	0.29545455633425244	16.8501512013304	5	123	7	40	0
-4.291058394160584	11.059756097560975	0.2644628188189338	16.8501512013304	5	123	7	40	0
-4.291058394160584	11.058854718981973	0.36363636091643686	16.8501512013304	5	123	7	40	0
-4.291058394160584	11.05795334040297	0.2396694258147595	16.8501512013304	5	123	7	40	0
-4.291058394160584	11.057051961823966	0.14049586875765932	16.8501512013304	5	123	7	40	0
-4.29014598540146	11.348197242841993	0.0984848471248851	9.20911773810093	4	124	8	67	0
-4.29014598540146	11.347295864262989	0.3106060551662071	9.20911773810093	4	124	8	67	0
-4.29014598540146	11.346394485683987	0.06060605890610639	9.20911773810093	4	124	8	67	0
-4.29014598540146	11.062460233297985	0.16666666666666666	16.8501512013304	5	123	7	40	0
-4.29014598540146	11.061558854718982	0.3333333333333333	16.8501512013304	5	123	7	40	0
-4.29014598540146	11.060657476139978	0.45138887891582413	16.8501512013304	5	123	7	40	0
-4.29014598540146	11.059756097560975	0.21969697241689645	16.8501512013304	5	123	7	40	0
-4.29014598540146	11.058854718981973	0.2878787769990809	16.8501512013304	5	123	7	40	0
-4.29014598540146	11.05795334040297	0.3333333333333333	16.8501512013304	5	123	7	40	0
-4.29014598540146	11.057051961823966	0.09090909022910922	16.8501512013304	5	123	7	40	0
-4.289233576642336	11.347295864262989	0.2727272781671262	9.20911773810093	4	124	8	67	0
-4.289233576642336	11.346394485683987	0.19834711411420036	9.20911773810093	4	124	8	67	0
-4.289233576642336	11.34459172852598	0.10743801640529259	9.20911773810093	4	124	8	67	0
-4.289233576642336	11.343690349946977	0.09090909022910922	9.20911773810093	4	124	8	67	0
-4.289233576642336	11.061558854718982	0.22314049215877757	16.8501512013304	5	123	7	40	0
-4.289233576642336	11.060657476139978	0.15151515287511488	16.8501512013304	5	123	7	40	0
-4.289233576642336	11.059756097560975	0.16528926176183364	16.8501512013304	5	123	7	40	0
-4.289233576642336	11.058854718981973	0.1322314094094669	16.8501512013304	5	123	7	40	0
-4.289233576642336	11.05795334040297	0.21487603281058518	16.8501512013304	5	123	7	40	0
-4.289233576642336	11.057051961823966	0.05785123787674249	16.8501512013304	5	123	7	40	0
-4.288321167883211	11.349098621420996	0.2727272781671262	9.20911773810093	4	124	8	67	0
-4.288321167883211	11.348197242841993	0.19008263980641085	9.20911773810093	4	124	8	67	0
-4.288321167883211	11.347295864262989	0.22314049215877757	9.20911773810093	4	124	8	67	0
-4.288321167883211	11.346394485683987	0.3471074422200521	9.20911773810093	4	124	8	67	0
-4.288321167883211	11.345493107104984	0.325757583917356	9.20911773810093	4	124	8	67	0
-4.288321167883211	11.34459172852598	0.3719008202646293	9.20911773810093	4	124	8	67	0
-4.288321167883211	11.343690349946977	0.2644628188189338	9.20911773810093	4	124	8	67	0
-4.288321167883211	11.342788971367973	0.07438016405292586	9.20911773810093	4	124	8	67	0
-4.288321167883211	11.059756097560975	0.07438016405292586	16.8501512013304	5	123	7	40	0
-4.288321167883211	11.058854718981973	0.08264463088091682	16.8501512013304	5	123	7	40	0
-4.287408759124087	11.35	0.25619835947074143	9.20911773810093	4	124	8	67	0
-4.287408759124087	11.349098621420996	0.3966942282284007	9.20911773810093	4	124	8	67	0
-4.287408759124087	11.348197242841993	0.7438016405292586	9.20911773810093	4	124	8	67	0
-4.287408759124087	11.347295864262989	0.5123967189414829	9.20911773810093	4	124	8	67	0
-4.287408759124087	11.346394485683987	0.578512393727022	9.20911773810093	4	124	8	67	0
-4.287408759124087	11.345493107104984	0.6363636091643688	9.20911773810093	4	124	8	67	0
-4.287408759124087	11.34459172852598	0.44628098431755514	9.20911773810093	4	124	8	67	0
-4.287408759124087	11.343690349946977	0.3553719015682445	9.20911773810093	4	124	8	67	0
-4.287408759124087	11.342788971367973	0.1322314094094669	9.20911773810093	4	124	8	67	0
-4.286496350364963	11.35	0.32231406417547487	9.20911773810093	4	124	8	67	0
-4.286496350364963	11.349098621420996	0.5289256376378676	9.20911773810093	4	124	8	67	0
-4.286496350364963	11.348197242841993	0.7603305592256434	9.20911773810093	4	124	8	67	0
-4.286496350364963	11.347295864262989	0.6115702311197917	9.20911773810093	4	124	8	67	0
-4.286496350364963	11.346394485683987	0.30578511555989585	9.20911773810093	4	124	8	67	0
-4.286496350364963	11.345493107104984	0.4166666666666667	9.20911773810093	4	124	8	67	0
-4.286496350364963	11.34459172852598	0.5867768530752144	9.20911773810093	4	124	8	67	0
-4.286496350364963	11.343690349946977	0.40495868757659315	9.20911773810093	4	124	8	67	0
-4.286496350364963	11.342788971367973	0.25619835947074143	9.20911773810093	4	124	8	67	0
-4.286496350364963	11.340986214209968	0.06611570470473345	9.20911773810093	4	124	8	67	0
-4.285583941605839	11.35	0.9173553466796874	9.20911773810093	4	124	8	67	0
-4.285583941605839	11.349098621420996	0.8181818345013787	9.20911773810093	4	124	8	67	0
-4.285583941605839	11.348197242841993	0.7190082624846814	9.20911773810093	4	124	8	67	0
-4.285583941605839	11.347295864262989	0.3305785235236673	9.20911773810093	4	124	8	67	0
-4.285583941605839	11.346394485683987	0.2644628188189338	9.20911773810093	4	124	8	67	0
-4.285583941605839	11.345493107104984	0.325757583917356	9.20911773810093	4	124	8	67	0
-4.285583941605839	11.34459172852598	0.3553719015682445	9.20911773810093	4	124	8	67	0
-4.285583941605839	11.343690349946977	0.3801652796128217	9.20911773810093	4	124	8	67	0
-4.285583941605839	11.342788971367973	0.3553719015682445	9.20911773810093	4	124	8	67	0
-4.2846715328467155	11.35	0.19834711411420036	9.20911773810093	4	124	8	67	0
-4.2846715328467155	11.349098621420996	0.8181818345013787	9.20911773810093	4	124	8	67	0
-4.2846715328467155	11.348197242841993	0.9173553466796874	9.20911773810093	4	124	8	67	0
-4.2846715328467155	11.347295864262989	0.3553719015682445	9.20911773810093	4	124	8	67	0
-4.2846715328467155	11.346394485683987	0.289256196863511	9.20911773810093	4	124	8	67	0
-4.2846715328467155	11.345493107104984	0.3712121103324142	9.20911773810093	4	124	8	67	0
-4.2846715328467155	11.34459172852598	0.619834690467984	9.20911773810093	4	124	8	67	0
-4.2846715328467155	11.343690349946977	0.3966942282284007	9.20911773810093	4	124	8	67	0
-4.2846715328467155	11.342788971367973	0.10743801640529259	9.20911773810093	4	124	8	67	0
-4.283759124087592	11.349098621420996	0.30578511555989585	9.20911773810093	4	124	8	67	0
-4.283759124087592	11.348197242841993	0.6859504250919117	9.20911773810093	4	124	8	67	0
-4.283759124087592	11.347295864262989	0.4132231469247855	9.20911773810093	4	124	8	67	0
-4.283759124087592	11.346394485683987	0.3553719015682445	9.20911773810093	4	124	8	67	0
-4.283759124087592	11.345493107104984	0.35606061150045953	9.20911773810093	4	124	8	67	0
-4.283759124087592	11.34459172852598	0.6776859657437193	9.20911773810093	4	124	8	67	0
-4.283759124087592	11.343690349946977	0.5537190156824449	9.20911773810093	4	124	8	67	0
-4.283759124087592	11.342788971367973	0.09917355705710018	9.20911773810093	4	124	8	67	0
-4.282846715328467	11.348197242841993	0.18181818045821843	9.20911773810093	4	124	8	67	0
-4.282846715328467	11.347295864262989	0.1969696942497702	9.20911773810093	4	124	8	67	0
-4.282846715328467	11.346394485683987	0.46969697241689645	9.20911773810093	4	124	8	67	0
-4.282846715328467	11.345493107104984	0.4652777877508425	9.20911773810093	4	124	8	67	0
-4.282846715328467	11.34459172852598	0.2878787769990809	9.20911773810093	4	124	8	67	0
-4.282846715328467	11.343690349946977	0.15151515287511488	9.20911773810093	4	124	8	67	0
-4.281934306569343	11.347295864262989	0.1322314094094669	9.20911773810093	4	124	8	67	0
-4.278284671532846	11.003870625662778	0.07438016405292586	7.32068063021423	5	154	9	41	0
-4.2773722627737225	11.011983032873808	0.09917355705710018	7.32068063021423	5	154	9	41	0
-4.2773722627737225	11.009278897136797	0.0530303020103305	7.32068063021423	5	154	9	41	0
-4.2773722627737225	11.003870625662778	0.18181818045821843	7.32068063021423	5	154	9	41	0
-4.2773722627737225	10.774019088016967	0.10743801640529259	6.41887802318136	5	155	10	23	0
-4.276459854014599	11.009278897136797	0.07575757643755744	7.32068063021423	5	154	9	41	0
-4.276459854014599	11.004772004241781	0.14049586875765932	7.32068063021423	5	154	9	41	0
-4.276459854014599	10.775821845174974	0.2644628188189338	6.41887802318136	5	155	10	23	0
-4.276459854014599	10.77492046659597	0.34090908274931064	6.41887802318136	5	155	10	23	0
-4.276459854014599	10.774019088016967	0.1570247874540441	6.41887802318136	5	155	10	23	0
-4.275547445255475	11.004772004241781	0.1590909022910922	7.32068063021423	5	154	9	41	0
-4.275547445255475	11.003870625662778	0.09090909022910922	7.32068063021423	5	154	9	41	0
-4.275547445255475	10.776723223753976	0.06818181954178155	6.41887802318136	5	155	10	23	0
-4.275547445255475	10.775821845174974	0.1969696942497702	6.41887802318136	5	155	10	23	0
-4.275547445255475	10.77492046659597	0.4444444544175092	6.41887802318136	5	155	10	23	0
-4.275547445255475	10.774019088016967	0.212121208041322	6.41887802318136	5	155	10	23	0
-4.275547445255475	10.773117709437964	0.34090908274931064	6.41887802318136	5	155	10	23	0
-4.275547445255475	10.77221633085896	0.18939394483379288	6.41887802318136	5	155	10	23	0
-4.275547445255475	10.769512195121951	0.06818181954178155	6.41887802318136	5	155	10	23	0
-4.274635036496351	11.0101802757158	0.07438016405292586	7.32068063021423	5	154	9	41	0
-4.274635036496351	11.004772004241781	0.2644628188189338	7.32068063021423	5	154	9	41	0
-4.274635036496351	11.003870625662778	0.3471074422200521	7.32068063021423	5	154	9	41	0
-4.274635036496351	10.77492046659597	0.09090909022910922	6.41887802318136	5	155	10	23	0
-4.274635036496351	10.774019088016967	0.5619834750306373	6.41887802318136	5	155	10	23	0
-4.274635036496351	10.773117709437964	0.8925619686351103	6.41887802318136	5	155	10	23	0
-4.274635036496351	10.77221633085896	0.3553719015682445	6.41887802318136	5	155	10	23	0
-4.273722627737226	11.004772004241781	0.1487603281058517	7.32068063021423	5	154	9	41	0
-4.273722627737226	11.003870625662778	0.42148760627297793	7.32068063021423	5	154	9	41	0
-4.273722627737226	11.002969247083774	0.16528926176183364	7.32068063021423	5	154	9	41	0
-4.273722627737226	10.774019088016967	0.752066099877451	6.41887802318136	5	155	10	23	0
-4.273722627737226	10.773117709437964	0.6033057717715993	6.41887802318136	5	155	10	23	0
-4.273722627737226	10.764103923647932	0.1570247874540441	6.41887802318136	5	155	10	23	0
-4.272810218978102	11.005673382820785	0.12396694258147595	7.32068063021423	5	154	9	41	0
-4.272810218978102	11.004772004241781	0.3801652796128217	7.32068063021423	5	154	9	41	0
-4.272810218978102	11.003870625662778	0.3801652796128217	7.32068063021423	5	154	9	41	0
-4.272810218978102	11.002969247083774	0.14049586875765932	7.32068063021423	5	154	9	41	0
-4.272810218978102	10.774019088016967	0.42975206562117035	6.41887802318136	5	155	10	23	0
-4.272810218978102	10.773117709437964	0.06611570470473345	6.41887802318136	5	155	10	23	0
-4.271897810218978	11.004772004241781	0.3553719015682445	7.32068063021423	5	154	9	41	0
-4.271897810218978	11.003870625662778	0.3719008202646293	7.32068063021423	5	154	9	41	0
-4.271897810218978	11.002969247083774	0.25619835947074143	7.32068063021423	5	154	9	41	0
-4.271897810218978	10.776723223753976	0.06611570470473345	6.41887802318136	5	155	10	23	0
-4.271897810218978	10.775821845174974	0.12396694258147595	6.41887802318136	5	155	10	23	0
-4.271897810218978	10.764103923647932	0.05785123787674249	6.41887802318136	5	155	10	23	0
-4.270985401459854	11.004772004241781	0.19834711411420036	7.32068063021423	5	154	9	41	0
-4.270985401459854	11.003870625662778	0.3140495749080882	7.32068063021423	5	154	9	41	0
-4.270985401459854	11.002969247083774	0.38842973896101407	7.32068063021423	5	154	9	41	0
-4.270985401459854	11.002067868504772	0.25	7.32068063021423	5	154	9	41	0
-4.2700729927007295	11.005673382820785	0.12396694258147595	7.32068063021423	5	154	9	41	0
-4.2700729927007295	11.004772004241781	0.4380165249693627	7.32068063021423	5	154	9	41	0
-4.2700729927007295	11.003870625662778	0.3140495749080882	7.32068063021423	5	154	9	41	0
-4.2700729927007295	11.002969247083774	0.45454544366574756	7.32068063021423	5	154	9	41	0
-4.2700729927007295	11.002067868504772	0.4772727218328738	7.32068063021423	5	154	9	41	0
-4.269160583941606	11.004772004241781	0.14049586875765932	7.32068063021423	5	154	9	41	0
-4.269160583941606	11.003870625662778	0.20661157346239276	7.32068063021423	5	154	9	41	0
-4.269160583941606	11.002969247083774	0.5206611782896753	7.32068063021423	5	154	9	41	0
-4.269160583941606	11.002067868504772	0.3333333333333333	7.32068063021423	5	154	9	41	0
-4.268248175182482	11.0101802757158	0.07575757643755744	7.32068063021423	5	154	9	41	0
-4.268248175182482	11.003870625662778	0.16666666666666666	7.32068063021423	5	154	9	41	0
-4.268248175182482	11.002969247083774	0.18181818045821843	7.32068063021423	5	154	9	41	0
-4.268248175182482	11.002067868504772	0.06944444693771062	7.32068063021423	5	154	9	41	0
-4.268248175182482	11.000265111346765	0.08333333333333333	7.32068063021423	5	154	9	41	0
-4.267335766423358	11.003870625662778	0.09917355705710018	7.32068063021423	5	154	9	41	0
-4.267335766423358	11.002067868504772	0.20454545862534468	7.32068063021423	5	154	9	41	0
-4.266423357664234	10.826299045599152	0.06060605890610639	5.23441966763375	4	168	11	37	0
-4.266423357664234	10.82269353128314	0.16528926176183364	5.23441966763375	4	168	11	37	0
-4.265510948905109	10.823594909862141	0.09090909022910922	5.23441966763375	4	168	11	37	0
-4.265510948905109	10.82269353128314	0.23140495150696996	5.23441966763375	4	168	11	37	0
-4.265510948905109	10.820890774125132	0.1322314094094669	5.23441966763375	4	168	11	37	0
-4.265510948905109	10.819989395546129	0.20661157346239276	5.23441966763375	4	168	11	37	0
-4.265510948905109	10.819088016967125	0.1590909022910922	5.23441966763375	4	168	11	37	0
-4.264598540145985	10.824496288441145	0.4628099030139399	5.23441966763375	4	168	11	37	0
-4.264598540145985	10.823594909862141	0.6280991498161764	5.23441966763375	4	168	11	37	0
-4.264598540145985	10.82269353128314	0.5041322595932904	5.23441966763375	4	168	11	37	0
-4.264598540145985	10.821792152704136	0.20661157346239276	5.23441966763375	4	168	11	37	0
-4.264598540145985	10.820890774125132	0.08264463088091682	5.23441966763375	4	168	11	37	0
-4.264598540145985	10.819989395546129	0.09090909022910922	5.23441966763375	4	168	11	37	0
-4.263686131386861	10.83441145281018	0.08264463088091682	5.23441966763375	4	168	11	37	0
-4.263686131386861	10.824496288441145	0.6280991498161764	5.23441966763375	4	168	11	37	0
-4.263686131386861	10.823594909862141	0.1487603281058517	5.23441966763375	4	168	11	37	0
-4.263686131386861	10.82269353128314	0.06611570470473345	5.23441966763375	4	168	11	37	0
-4.263686131386861	10.821792152704136	0.18181818045821843	5.23441966763375	4	168	11	37	0
-4.263686131386861	10.820890774125132	0.05785123787674249	5.23441966763375	4	168	11	37	0
-4.262773722627737	10.825397667020148	0.11570247575348498	5.23441966763375	4	168	11	37	0
-4.262773722627737	10.824496288441145	0.5702479343788297	5.23441966763375	4	168	11	37	0
-4.262773722627737	10.823594909862141	0.09917355705710018	5.23441966763375	4	168	11	37	0
-4.262773722627737	10.82269353128314	0.45454544366574756	5.23441966763375	4	168	11	37	0
-4.262773722627737	10.821792152704136	0.4380165249693627	5.23441966763375	4	168	11	37	0
-4.262773722627737	10.820890774125132	0.33884298287185965	5.23441966763375	4	168	11	37	0
-4.262773722627737	10.819989395546129	0.11570247575348498	5.23441966763375	4	168	11	37	0
-4.261861313868613	10.824496288441145	0.07438016405292586	5.23441966763375	4	168	11	37	0
-4.261861313868613	10.82269353128314	0.30578511555989585	5.23441966763375	4	168	11	37	0
-4.261861313868613	10.821792152704136	0.5206611782896753	5.23441966763375	4	168	11	37	0
-4.261861313868613	10.820890774125132	0.22314049215877757	5.23441966763375	4	168	11	37	0
-4.261861313868613	10.819989395546129	0.45454544366574756	5.23441966763375	4	168	11	37	0
-4.261861313868613	10.819088016967125	0.07575757643755744	5.23441966763375	4	168	11	37	0
-4.260948905109489	10.82269353128314	0.1590909022910922	5.23441966763375	4	168	11	37	0
-4.260948905109489	10.821792152704136	0.20454545862534468	5.23441966763375	4	168	11	37	0
-4.260948905109489	10.820890774125132	0.2878787769990809	5.23441966763375	4	168	11	37	0
-4.260948905109489	10.819989395546129	0.5681818345013787	5.23441966763375	4	168	11	37	0
-4.260948905109489	10.819088016967125	0.0625	5.23441966763375	4	168	11	37	0
-4.242700729927007	11.29050901378579	0.10743801640529259	6.74140042360782	4	198	12	39	0
-4.241788321167883	11.294114528101803	0.07575757643755744	6.74140042360782	4	198	12	39	0
-4.241788321167883	11.2932131495228	0.16528926176183364	6.74140042360782	4	198	12	39	0
-4.240875912408759	11.294114528101803	0.09090909022910922	6.74140042360782	4	198	12	39	0
-4.240875912408759	11.292311770943796	0.2727272781671262	6.74140042360782	4	198	12	39	0
-4.240875912408759	11.291410392364792	0.06611570470473345	6.74140042360782	4	198	12	39	0
-4.239963503649635	11.292311770943796	0.08264463088091682	6.74140042360782	4	198	12	39	0
-4.238138686131387	11.297720042417815	0.06060605890610639	6.74140042360782	4	198	12	39	0
-4.237226277372263	11.297720042417815	0.20661157346239276	6.74140042360782	4	198	12	39	0
-4.237226277372263	11.296818663838812	0.07438016405292586	6.74140042360782	4	198	12	39	0
-4.236313868613139	11.298621420996819	0.4132231469247855	6.74140042360782	4	198	12	39	0
-4.236313868613139	11.297720042417815	0.3471074422200521	6.74140042360782	4	198	12	39	0
-4.236313868613139	11.296818663838812	0.42148760627297793	6.74140042360782	4	198	12	39	0
-4.236313868613139	11.295917285259808	0.09090909022910922	6.74140042360782	4	198	12	39	0
-4.236313868613139	11.292311770943796	0.1570247874540441	6.74140042360782	4	198	12	39	0
-4.236313868613139	11.291410392364792	0.11570247575348498	6.74140042360782	4	198	12	39	0
-4.235401459854015	11.298621420996819	0.22314049215877757	6.74140042360782	4	198	12	39	0
-4.235401459854015	11.297720042417815	0.36363636091643686	6.74140042360782	4	198	12	39	0
-4.235401459854015	11.296818663838812	0.18181818045821843	6.74140042360782	4	198	12	39	0
-4.235401459854015	11.295917285259808	0.1322314094094669	6.74140042360782	4	198	12	39	0
-4.235401459854015	11.295015906680806	0.40495868757659315	6.74140042360782	4	198	12	39	0
-4.235401459854015	11.294114528101803	0.28030302758310355	6.74140042360782	4	198	12	39	0
-4.235401459854015	11.2932131495228	0.09917355705710018	6.74140042360782	4	198	12	39	0
-4.235401459854015	11.292311770943796	0.05785123787674249	6.74140042360782	4	198	12	39	0
-4.235401459854015	11.291410392364792	0.06611570470473345	6.74140042360782	4	198	12	39	0
-4.23448905109489	11.297720042417815	0.45454544366574756	6.74140042360782	4	198	12	39	0
-4.23448905109489	11.296818663838812	0.8099173751531863	6.74140042360782	4	198	12	39	0
-4.23448905109489	11.295917285259808	0.1570247874540441	6.74140042360782	4	198	12	39	0
-4.23448905109489	11.295015906680806	0.7024793437882966	6.74140042360782	4	198	12	39	0
-4.23448905109489	11.294114528101803	0.325757583917356	6.74140042360782	4	198	12	39	0
-4.23448905109489	11.2932131495228	0.14049586875765932	6.74140042360782	4	198	12	39	0
-4.23448905109489	10.901113467656415	0.17355372111002604	8.859499558499	5	217	13	64	0
-4.23448905109489	10.899310710498408	0.06060605890610639	8.859499558499	5	217	13	64	0
-4.23448905109489	10.897507953340403	0.09917355705710018	8.859499558499	5	217	13	64	0
-4.23448905109489	10.8966065747614	0.06611570470473345	8.859499558499	5	217	13	64	0
-4.233576642335766	11.297720042417815	0.45454544366574756	6.74140042360782	4	198	12	39	0
-4.233576642335766	11.296818663838812	0.44628098431755514	6.74140042360782	4	198	12	39	0
-4.233576642335766	11.295015906680806	0.1570247874540441	6.74140042360782	4	198	12	39	0
-4.233576642335766	11.294114528101803	0.3106060551662071	6.74140042360782	4	198	12	39	0
-4.233576642335766	11.2932131495228	0.30578511555989585	6.74140042360782	4	198	12	39	0
-4.233576642335766	10.902014846235419	0.06611570470473345	8.859499558499	5	217	13	64	0
-4.233576642335766	10.901113467656415	0.1322314094094669	8.859499558499	5	217	13	64	0
-4.233576642335766	10.897507953340403	0.07438016405292586	8.859499558499	5	217	13	64	0
-4.233576642335766	10.8966065747614	0.3471074422200521	8.859499558499	5	217	13	64	0
-4.233576642335766	10.895705196182396	0.2975206562117034	8.859499558499	5	217	13	64	0
-4.233576642335766	10.894803817603393	0.10743801640529259	8.859499558499	5	217	13	64	0
-4.232664233576642	11.296818663838812	0.23140495150696996	6.74140042360782	4	198	12	39	0
-4.232664233576642	11.294114528101803	0.14393938849954044	6.74140042360782	4	198	12	39	0
-4.232664233576642	11.2932131495228	0.1322314094094669	6.74140042360782	4	198	12	39	0
-4.232664233576642	10.901113467656415	0.06611570470473345	8.859499558499	5	217	13	64	0
-4.232664233576642	10.900212089077412	0.3801652796128217	8.859499558499	5	217	13	64	0
-4.232664233576642	10.899310710498408	0.20454545862534468	8.859499558499	5	217	13	64	0
-4.232664233576642	10.898409331919407	0.19008263980641085	8.859499558499	5	217	13	64	0
-4.232664233576642	10.897507953340403	0.09917355705710018	8.859499558499	5	217	13	64	0
-4.232664233576642	10.8966065747614	0.32231406417547487	8.859499558499	5	217	13	64	0
-4.232664233576642	10.895705196182396	0.30578511555989585	8.859499558499	5	217	13	64	0
-4.232664233576642	10.894803817603393	0.14049586875765932	8.859499558499	5	217	13	64	0
-4.231751824817518	10.900212089077412	0.20661157346239276	8.859499558499	5	217	13	64	0
-4.231751824817518	10.899310710498408	0.29545455633425244	8.859499558499	5	217	13	64	0
-4.231751824817518	10.898409331919407	0.19008263980641085	8.859499558499	5	217	13	64	0
-4.231751824817518	10.8966065747614	0.32231406417547487	8.859499558499	5	217	13	64	0
-4.231751824817518	10.895705196182396	0.3140495749080882	8.859499558499	5	217	13	64	0
-4.231751824817518	10.894803817603393	0.09917355705710018	8.859499558499	5	217	13	64	0
-4.230839416058394	10.900212089077412	0.12121211781221278	8.859499558499	5	217	13	64	0
-4.230839416058394	10.899310710498408	0.4027777877508425	8.859499558499	5	217	13	64	0
-4.230839416058394	10.898409331919407	0.3939393884995404	8.859499558499	5	217	13	64	0
-4.230839416058394	10.897507953340403	0.3106060551662071	8.859499558499	5	217	13	64	0
-4.230839416058394	10.8966065747614	0.2727272781671262	8.859499558499	5	217	13	64	0
-4.230839416058394	10.895705196182396	0.12121211781221278	8.859499558499	5	217	13	64	0
-4.2299270072992705	10.900212089077412	0.07438016405292586	8.859499558499	5	217	13	64	0
-4.2299270072992705	10.899310710498408	0.18181818045821843	8.859499558499	5	217	13	64	0
-4.2299270072992705	10.898409331919407	0.710743803136489	8.859499558499	5	217	13	64	0
-4.2299270072992705	10.897507953340403	0.7024793437882966	8.859499558499	5	217	13	64	0
-4.2299270072992705	10.8966065747614	0.4132231469247855	8.859499558499	5	217	13	64	0
-4.2299270072992705	10.894803817603393	0.05785123787674249	8.859499558499	5	217	13	64	0
-4.229014598540146	10.898409331919407	0.40495868757659315	8.859499558499	5	217	13	64	0
-4.229014598540146	10.897507953340403	0.7272727218328737	8.859499558499	5	217	13	64	0
-4.229014598540146	10.8966065747614	0.53719009698606	8.859499558499	5	217	13	64	0
-4.229014598540146	10.895705196182396	0.12396694258147595	8.859499558499	5	217	13	64	0
-4.228102189781022	10.897507953340403	0.5123967189414829	8.859499558499	5	217	13	64	0
-4.228102189781022	10.8966065747614	0.7768594779220281	8.859499558499	5	217	13	64	0
-4.228102189781022	10.895705196182396	0.2727272781671262	8.859499558499	5	217	13	64	0
-4.228102189781022	10.894803817603393	0.09917355705710018	8.859499558499	5	217	13	64	0
-4.227189781021898	10.897507953340403	0.28099173751531864	8.859499558499	5	217	13	64	0
-4.227189781021898	10.8966065747614	0.45454544366574756	8.859499558499	5	217	13	64	0
-4.227189781021898	10.895705196182396	0.3471074422200521	8.859499558499	5	217	13	64	0
-4.227189781021898	10.894803817603393	0.3801652796128217	8.859499558499	5	217	13	64	0
-4.227189781021898	10.889395546129375	0.14049586875765932	8.859499558499	5	217	13	64	0
-4.226277372262774	10.8966065747614	0.20661157346239276	8.859499558499	5	217	13	64	0
-4.226277372262774	10.895705196182396	0.20661157346239276	8.859499558499	5	217	13	64	0
-4.225364963503649	10.900212089077412	0.42148760627297793	8.859499558499	5	217	13	64	0
-4.225364963503649	10.899310710498408	0.22727272183287378	8.859499558499	5	217	13	64	0
-4.224452554744525	10.900212089077412	0.10743801640529259	8.859499558499	5	217	13	64	0
-4.224452554744525	10.899310710498408	0.12878787470798866	8.859499558499	5	217	13	64	0
-4.224452554744525	10.893001060445387	0.19834711411420036	8.859499558499	5	217	13	64	0
-4.224452554744525	10.892099681866384	0.11363636091643689	8.859499558499	5	217	13	64	0
-4.223540145985401	10.89390243902439	0.06818181954178155	8.859499558499	5	217	13	64	0
-4.223540145985401	10.893001060445387	0.1363636390835631	8.859499558499	5	217	13	64	0
-4.223540145985401	10.892099681866384	0.05555555680218865	8.859499558499	5	217	13	64	0
-4.2226277372262775	10.902014846235419	0.07438016405292586	8.859499558499	5	217	13	64	0
-4.2226277372262775	10.901113467656415	0.28099173751531864	8.859499558499	5	217	13	64	0
-4.2226277372262775	10.900212089077412	0.1487603281058517	8.859499558499	5	217	13	64	0
-4.221715328467154	10.89390243902439	0.05785123787674249	8.859499558499	5	217	13	64	0
-4.20985401459854	11.162513255567339	0.07575757643755744	9.87728886378802	5	225	14	26	0
-4.20985401459854	11.161611876988335	0.09917355705710018	9.87728886378802	5	225	14	26	0
-4.20985401459854	11.159809119830328	0.12396694258147595	9.87728886378802	5	225	14	26	0
-4.20985401459854	11.158907741251326	0.17355372111002604	9.87728886378802	5	225	14	26	0
-4.208941605839416	11.162513255567339	0.05555555680218865	9.87728886378802	5	225	14	26	0
-4.208029197080291	11.162513255567339	0.07575757643755744	9.87728886378802	5	225	14	26	0
-4.2071167883211675	11.159809119830328	0.07438016405292586	9.87728886378802	5	225	14	26	0
-4.206204379562044	11.160710498409331	0.11570247575348498	9.87728886378802	5	225	14	26	0
-4.20529197080292	11.158006362672323	0.09090909022910922	9.87728886378802	5	225	14	26	0
-4.20529197080292	11.15710498409332	0.05785123787674249	9.87728886378802	5	225	14	26	0
-4.204379562043796	11.15710498409332	0.3801652796128217	9.87728886378802	5	225	14	26	0
-4.203467153284672	11.16611876988335	0.16528926176183364	9.87728886378802	5	225	14	26	0
-4.202554744525548	11.158006362672323	0.1322314094094669	9.87728886378802	5	225	14	26	0
-4.201642335766423	11.158907741251326	0.20454545862534468	9.87728886378802	5	225	14	26	0
-4.201642335766423	11.158006362672323	0.6212121103324142	9.87728886378802	5	225	14	26	0
-4.201642335766423	11.15710498409332	0.1590909022910922	9.87728886378802	5	225	14	26	0
-4.200729927007299	11.158907741251326	0.4958677703259038	9.87728886378802	5	225	14	26	0
-4.200729927007299	11.158006362672323	0.8016529158049939	9.87728886378802	5	225	14	26	0
-4.200729927007299	11.15710498409332	0.1570247874540441	9.87728886378802	5	225	14	26	0
-4.199817518248175	11.158907741251326	0.25619835947074143	9.87728886378802	5	225	14	26	0
-4.199817518248175	11.158006362672323	0.479338851629519	9.87728886378802	5	225	14	26	0
-4.199817518248175	11.15710498409332	0.289256196863511	9.87728886378802	5	225	14	26	0
-4.198905109489051	11.158006362672323	0.06611570470473345	9.87728886378802	5	225	14	26	0
-4.197992700729927	11.156203605514316	0.06611570470473345	9.87728886378802	5	225	14	26	0
-4.197992700729927	11.155302226935312	0.06818181954178155	9.87728886378802	5	225	14	26	0
-4.197080291970803	11.155302226935312	0.06060605890610639	9.87728886378802	5	225	14	26	0
-4.186131386861314	11.343690349946977	0.06611570470473345	10.3962152381264	4	226	15	37	0
-4.186131386861314	11.342788971367973	0.1322314094094669	10.3962152381264	4	226	15	37	0
-4.186131386861314	11.341887592788972	0.06611570470473345	10.3962152381264	4	226	15	37	0
-4.186131386861314	11.340986214209968	0.17355372111002604	10.3962152381264	4	226	15	37	0
-4.186131386861314	11.340084835630964	0.17355372111002604	10.3962152381264	4	226	15	37	0
-4.18521897810219	11.345493107104984	0.0984848471248851	10.3962152381264	4	226	15	37	0
-4.18521897810219	11.34459172852598	0.06611570470473345	10.3962152381264	4	226	15	37	0
-4.18521897810219	11.343690349946977	0.42148760627297793	10.3962152381264	4	226	15	37	0
-4.18521897810219	11.342788971367973	0.32231406417547487	10.3962152381264	4	226	15	37	0
-4.18521897810219	11.341887592788972	0.14049586875765932	10.3962152381264	4	226	15	37	0
-4.18521897810219	11.340986214209968	0.16528926176183364	10.3962152381264	4	226	15	37	0
-4.184306569343065	11.35	0.20661157346239276	10.3962152381264	4	226	15	37	0
-4.184306569343065	11.348197242841993	0.18181818045821843	10.3962152381264	4	226	15	37	0
-4.184306569343065	11.347295864262989	0.09917355705710018	10.3962152381264	4	226	15	37	0
-4.184306569343065	11.346394485683987	0.08264463088091682	10.3962152381264	4	226	15	37	0
-4.184306569343065	11.343690349946977	0.4628099030139399	10.3962152381264	4	226	15	37	0
-4.184306569343065	11.342788971367973	0.5537190156824449	10.3962152381264	4	226	15	37	0
-4.184306569343065	11.341887592788972	0.3553719015682445	10.3962152381264	4	226	15	37	0
-4.184306569343065	11.340986214209968	0.09090909022910922	10.3962152381264	4	226	15	37	0
-4.1833941605839415	11.35	0.32231406417547487	10.3962152381264	4	226	15	37	0
-4.1833941605839415	11.349098621420996	0.05785123787674249	10.3962152381264	4	226	15	37	0
-4.1833941605839415	11.348197242841993	0.4132231469247855	10.3962152381264	4	226	15	37	0
-4.1833941605839415	11.347295864262989	0.17355372111002604	10.3962152381264	4	226	15	37	0
-4.1833941605839415	11.346394485683987	0.14049586875765932	10.3962152381264	4	226	15	37	0
-4.1833941605839415	11.345493107104984	0.0984848471248851	10.3962152381264	4	226	15	37	0
-4.182481751824818	11.35	0.2479338851629519	10.3962152381264	4	226	15	37	0
-4.182481751824818	11.348197242841993	0.12396694258147595	10.3962152381264	4	226	15	37	0
-4.182481751824818	11.347295864262989	0.25619835947074143	10.3962152381264	4	226	15	37	0
-4.182481751824818	11.346394485683987	0.20661157346239276	10.3962152381264	4	226	15	37	0
-4.182481751824818	11.30493107104984	0.08264463088091682	7.59373320967396	5	227	16	66	0
-4.181569343065694	11.35	0.578512393727022	10.3962152381264	4	226	15	37	0
-4.181569343065694	11.349098621420996	0.11570247575348498	10.3962152381264	4	226	15	37	0
-4.181569343065694	11.30493107104984	0.12396694258147595	7.59373320967396	5	227	16	66	0
-4.180656934306569	11.35	0.19008263980641085	10.3962152381264	4	226	15	37	0
-4.180656934306569	11.349098621420996	0.06611570470473345	10.3962152381264	4	226	15	37	0
-4.180656934306569	11.347295864262989	0.2479338851629519	10.3962152381264	4	226	15	37	0
-4.180656934306569	11.301325556733827	0.22727272183287378	7.59373320967396	5	227	16	66	0
-4.179744525547445	11.35	0.20661157346239276	10.3962152381264	4	226	15	37	0
-4.178832116788321	11.35	0.24242423562442555	10.3962152381264	4	226	15	37	0
-4.178832116788321	11.305832449628843	0.09090909022910922	7.59373320967396	5	227	16	66	0
-4.178832116788321	11.30222693531283	0.0530303020103305	7.59373320967396	5	227	16	66	0
-4.178832116788321	11.301325556733827	0.09722221972895603	7.59373320967396	5	227	16	66	0
-4.178832116788321	11.297720042417815	0.16666666666666666	7.59373320967396	5	227	16	66	0
-4.177919708029197	11.35	0.10743801640529259	10.3962152381264	4	226	15	37	0
-4.177919708029197	11.30763520678685	0.08264463088091682	7.59373320967396	5	227	16	66	0
-4.177919708029197	11.301325556733827	0.08333333333333333	7.59373320967396	5	227	16	66	0
-4.177919708029197	11.297720042417815	0.11570247575348498	7.59373320967396	5	227	16	66	0
-4.177919708029197	11.295917285259808	0.07438016405292586	7.59373320967396	5	227	16	66	0
-4.177007299270073	11.308536585365854	0.07575757643755744	7.59373320967396	5	227	16	66	0
-4.177007299270073	11.295917285259808	0.23140495150696996	7.59373320967396	5	227	16	66	0
-4.176094890510949	11.312142099681866	0.08264463088091682	7.59373320967396	5	227	16	66	0
-4.176094890510949	11.30493107104984	0.07438016405292586	7.59373320967396	5	227	16	66	0
-4.175182481751825	11.312142099681866	0.09090909022910922	7.59373320967396	5	227	16	66	0
-4.175182481751825	11.311240721102862	0.11570247575348498	7.59373320967396	5	227	16	66	0
-4.175182481751825	11.30493107104984	0.05785123787674249	7.59373320967396	5	227	16	66	0
-4.175182481751825	11.301325556733827	0.23484848620844823	7.59373320967396	5	227	16	66	0
-4.175182481751825	11.299522799575822	0.06611570470473345	7.59373320967396	5	227	16	66	0
-4.174270072992701	11.308536585365854	0.06060605890610639	7.59373320967396	5	227	16	66	0
-4.174270072992701	11.30222693531283	0.08264463088091682	7.59373320967396	5	227	16	66	0
-4.174270072992701	11.301325556733827	0.06060605890610639	7.59373320967396	5	227	16	66	0
-4.174270072992701	11.299522799575822	0.07438016405292586	7.59373320967396	5	227	16	66	0
-4.173357664233577	11.312142099681866	0.19008263980641085	7.59373320967396	5	227	16	66	0
-4.173357664233577	11.311240721102862	0.11570247575348498	7.59373320967396	5	227	16	66	0
-4.173357664233577	11.30493107104984	0.17355372111002604	7.59373320967396	5	227	16	66	0
-4.173357664233577	11.304029692470838	0.2975206562117034	7.59373320967396	5	227	16	66	0
-4.173357664233577	11.303128313891834	0.1570247874540441	7.59373320967396	5	227	16	66	0
-4.173357664233577	11.30222693531283	0.19834711411420036	7.59373320967396	5	227	16	66	0
-4.173357664233577	11.301325556733827	0.1363636390835631	7.59373320967396	5	227	16	66	0
-4.172445255474453	11.305832449628843	0.16528926176183364	7.59373320967396	5	227	16	66	0
-4.172445255474453	11.30493107104984	0.4380165249693627	7.59373320967396	5	227	16	66	0
-4.172445255474453	11.304029692470838	0.45454544366574756	7.59373320967396	5	227	16	66	0
-4.172445255474453	11.303128313891834	0.2727272781671262	7.59373320967396	5	227	16	66	0
-4.172445255474453	11.301325556733827	0.16666666666666666	7.59373320967396	5	227	16	66	0
-4.172445255474453	11.300424178154824	0.14049586875765932	7.59373320967396	5	227	16	66	0
-4.172445255474453	11.297720042417815	0.05785123787674249	7.59373320967396	5	227	16	66	0
-4.171532846715328	11.306733828207847	0.106060604020661	7.59373320967396	5	227	16	66	0
-4.171532846715328	11.305832449628843	0.12121211781221278	7.59373320967396	5	227	16	66	0
-4.171532846715328	11.30493107104984	0.5757575539981618	7.59373320967396	5	227	16	66	0
-4.171532846715328	11.304029692470838	0.45454544366574756	7.59373320967396	5	227	16	66	0
-4.171532846715328	11.303128313891834	0.4166666666666667	7.59373320967396	5	227	16	66	0
-4.171532846715328	11.30222693531283	0.4621212230009191	7.59373320967396	5	227	16	66	0
-4.171532846715328	11.301325556733827	0.40972221224915745	7.59373320967396	5	227	16	66	0
-4.171532846715328	11.300424178154824	0.21969697241689645	7.59373320967396	5	227	16	66	0
-4.170620437956204	11.306733828207847	0.11570247575348498	7.59373320967396	5	227	16	66	0
-4.170620437956204	11.305832449628843	0.2644628188189338	7.59373320967396	5	227	16	66	0
-4.170620437956204	11.30493107104984	0.20661157346239276	7.59373320967396	5	227	16	66	0
-4.170620437956204	11.304029692470838	0.3553719015682445	7.59373320967396	5	227	16	66	0
-4.170620437956204	11.303128313891834	0.6115702311197917	7.59373320967396	5	227	16	66	0
-4.170620437956204	11.30222693531283	0.2727272781671262	7.59373320967396	5	227	16	66	0
-4.170620437956204	11.300424178154824	0.07438016405292586	7.59373320967396	5	227	16	66	0
-4.170620437956204	11.299522799575822	0.18181818045821843	7.59373320967396	5	227	16	66	0
-4.170620437956204	11.298621420996819	0.10743801640529259	7.59373320967396	5	227	16	66	0
-4.16970802919708	11.304029692470838	0.23140495150696996	7.59373320967396	5	227	16	66	0
-4.16970802919708	11.303128313891834	0.3553719015682445	7.59373320967396	5	227	16	66	0
-4.16970802919708	11.30222693531283	0.3719008202646293	7.59373320967396	5	227	16	66	0
-4.16970802919708	11.301325556733827	0.1742424310422411	7.59373320967396	5	227	16	66	0
-4.16970802919708	11.300424178154824	0.20661157346239276	7.59373320967396	5	227	16	66	0
-4.16970802919708	11.299522799575822	0.2727272781671262	7.59373320967396	5	227	16	66	0
-4.168795620437956	11.30493107104984	0.05785123787674249	7.59373320967396	5	227	16	66	0
-4.168795620437956	11.304029692470838	0.1570247874540441	7.59373320967396	5	227	16	66	0
-4.168795620437956	11.300424178154824	0.14049586875765932	7.59373320967396	5	227	16	66	0
-4.168795620437956	11.299522799575822	0.12396694258147595	7.59373320967396	5	227	16	66	0
-4.1678832116788325	11.300424178154824	0.08264463088091682	7.59373320967396	5	227	16	66	0
-4.161496350364963	10.818186638388124	0.23140495150696996	11.5892120798789	4	237	17	71	0
-4.161496350364963	10.81728525980912	0.22314049215877757	11.5892120798789	4	237	17	71	0
-4.161496350364963	10.815482502651113	0.3719008202646293	11.5892120798789	4	237	17	71	0
-4.161496350364963	10.81458112407211	0.1322314094094669	11.5892120798789	4	237	17	71	0
-4.161496350364963	10.813679745493108	0.07438016405292586	11.5892120798789	4	237	17	71	0
-4.160583941605839	10.819088016967125	0.24242423562442555	11.5892120798789	4	237	17	71	0
-4.160583941605839	10.818186638388124	0.5619834750306373	11.5892120798789	4	237	17	71	0
-4.160583941605839	10.81728525980912	0.7438016405292586	11.5892120798789	4	237	17	71	0
-4.160583941605839	10.816383881230117	0.710743803136489	11.5892120798789	4	237	17	71	0
-4.160583941605839	10.815482502651113	0.6115702311197917	11.5892120798789	4	237	17	71	0
-4.160583941605839	10.81458112407211	0.3305785235236673	11.5892120798789	4	237	17	71	0
-4.160583941605839	10.813679745493108	0.06611570470473345	11.5892120798789	4	237	17	71	0
-4.1596715328467155	10.821792152704136	0.289256196863511	11.5892120798789	4	237	17	71	0
-4.1596715328467155	10.820890774125132	0.05785123787674249	11.5892120798789	4	237	17	71	0
-4.1596715328467155	10.819088016967125	0.07575757643755744	11.5892120798789	4	237	17	71	0
-4.1596715328467155	10.818186638388124	0.4958677703259038	11.5892120798789	4	237	17	71	0
-4.1596715328467155	10.81728525980912	0.7355371811810661	11.5892120798789	4	237	17	71	0
-4.1596715328467155	10.816383881230117	0.2975206562117034	11.5892120798789	4	237	17	71	0
-4.1596715328467155	10.815482502651113	0.08264463088091682	11.5892120798789	4	237	17	71	0
-4.1596715328467155	10.81458112407211	0.2975206562117034	11.5892120798789	4	237	17	71	0
-4.158759124087592	10.82269353128314	0.12396694258147595	11.5892120798789	4	237	17	71	0
-4.158759124087592	10.821792152704136	0.38842973896101407	11.5892120798789	4	237	17	71	0
-4.158759124087592	10.820890774125132	0.36363636091643686	11.5892120798789	4	237	17	71	0
-4.158759124087592	10.819989395546129	0.2727272781671262	11.5892120798789	4	237	17	71	0
-4.158759124087592	10.819088016967125	0.3181818045821844	11.5892120798789	4	237	17	71	0
-4.158759124087592	10.818186638388124	0.4628099030139399	11.5892120798789	4	237	17	71	0
-4.158759124087592	10.81728525980912	0.5454545563342524	11.5892120798789	4	237	17	71	0
-4.158759124087592	10.816383881230117	0.30578511555989585	11.5892120798789	4	237	17	71	0
-4.158759124087592	10.81458112407211	0.12396694258147595	11.5892120798789	4	237	17	71	0
-4.157846715328467	10.82269353128314	0.38842973896101407	11.5892120798789	4	237	17	71	0
-4.157846715328467	10.821792152704136	0.619834690467984	11.5892120798789	4	237	17	71	0
-4.157846715328467	10.820890774125132	0.42148760627297793	11.5892120798789	4	237	17	71	0
-4.157846715328467	10.819989395546129	0.4628099030139399	11.5892120798789	4	237	17	71	0
-4.157846715328467	10.819088016967125	0.5454545563342524	11.5892120798789	4	237	17	71	0
-4.157846715328467	10.818186638388124	0.7272727218328737	11.5892120798789	4	237	17	71	0
-4.157846715328467	10.81728525980912	0.3801652796128217	11.5892120798789	4	237	17	71	0
-4.157846715328467	10.812778366914104	0.09090909022910922	11.5892120798789	4	237	17	71	0
-4.157846715328467	10.80917285259809	0.07438016405292586	11.5892120798789	4	237	17	71	0
-4.156934306569343	10.82269353128314	0.20454545862534468	11.5892120798789	4	237	17	71	0
-4.156934306569343	10.821792152704136	0.3484848620844822	11.5892120798789	4	237	17	71	0
-4.156934306569343	10.820890774125132	0.46969697241689645	11.5892120798789	4	237	17	71	0
-4.156934306569343	10.819989395546129	0.5606060551662071	11.5892120798789	4	237	17	71	0
-4.156934306569343	10.819088016967125	0.8819444244983149	11.5892120798789	4	237	17	71	0
-4.156934306569343	10.818186638388124	0.5681818345013787	11.5892120798789	4	237	17	71	0
-4.156934306569343	10.81728525980912	0.3106060551662071	11.5892120798789	4	237	17	71	0
-4.156934306569343	10.816383881230117	0.28030302758310355	11.5892120798789	4	237	17	71	0
-4.156021897810219	10.821792152704136	0.4628099030139399	11.5892120798789	4	237	17	71	0
-4.156021897810219	10.820890774125132	0.4132231469247855	11.5892120798789	4	237	17	71	0
-4.156021897810219	10.819989395546129	0.38842973896101407	11.5892120798789	4	237	17	71	0
-4.156021897810219	10.819088016967125	0.40151513791551774	11.5892120798789	4	237	17	71	0
-4.156021897810219	10.818186638388124	0.3966942282284007	11.5892120798789	4	237	17	71	0
-4.156021897810219	10.81728525980912	0.18181818045821843	11.5892120798789	4	237	17	71	0
-4.156021897810219	10.815482502651113	0.06611570470473345	11.5892120798789	4	237	17	71	0
-4.156021897810219	10.810074231177094	0.38842973896101407	11.5892120798789	4	237	17	71	0
-4.155109489051095	10.821792152704136	0.20661157346239276	11.5892120798789	4	237	17	71	0
-4.155109489051095	10.820890774125132	0.33884298287185965	11.5892120798789	4	237	17	71	0
-4.155109489051095	10.819989395546129	0.3471074422200521	11.5892120798789	4	237	17	71	0
-4.155109489051095	10.819088016967125	0.3939393884995404	11.5892120798789	4	237	17	71	0
-4.155109489051095	10.818186638388124	0.32231406417547487	11.5892120798789	4	237	17	71	0
-4.155109489051095	10.815482502651113	0.08264463088091682	11.5892120798789	4	237	17	71	0
-4.155109489051095	10.81458112407211	0.09090909022910922	11.5892120798789	4	237	17	71	0
-4.155109489051095	10.810975609756097	0.1570247874540441	11.5892120798789	4	237	17	71	0
-4.15419708029197	10.820890774125132	0.3305785235236673	11.5892120798789	4	237	17	71	0
-4.15419708029197	10.819989395546129	0.42148760627297793	11.5892120798789	4	237	17	71	0
-4.15419708029197	10.819088016967125	0.3484848620844822	11.5892120798789	4	237	17	71	0
-4.15419708029197	10.810975609756097	0.1487603281058517	11.5892120798789	4	237	17	71	0
-4.153284671532846	10.820890774125132	0.16528926176183364	11.5892120798789	4	237	17	71	0
-4.153284671532846	10.819989395546129	0.08264463088091682	11.5892120798789	4	237	17	71	0
-4.153284671532846	10.819088016967125	0.08333333333333333	11.5892120798789	4	237	17	71	0
-4.1523722627737225	10.820890774125132	0.09090909022910922	11.5892120798789	4	237	17	71	0
-4.149635036496351	10.812778366914104	0.0530303020103305	11.5892120798789	4	237	17	71	0
-4.127737226277372	11.258960763520678	0.07575757643755744	5.11337671082959	4	246	18	28	0
-4.124087591240876	11.259862142099681	0.06611570470473345	5.11337671082959	4	246	18	28	0
-4.1213503649635035	11.260763520678685	0.5123967189414829	5.11337671082959	4	246	18	28	0
-4.1213503649635035	11.259862142099681	0.53719009698606	5.11337671082959	4	246	18	28	0
-4.1213503649635035	11.258960763520678	0.10743801640529259	5.11337671082959	4	246	18	28	0
-4.12043795620438	11.261664899257688	0.23484848620844823	5.11337671082959	4	246	18	28	0
-4.12043795620438	11.260763520678685	0.5833333333333334	5.11337671082959	4	246	18	28	0
-4.12043795620438	11.259862142099681	0.7651514988319547	5.11337671082959	4	246	18	28	0
-4.12043795620438	11.258960763520678	0.09090909022910922	5.11337671082959	4	246	18	28	0
-4.119525547445256	11.261664899257688	0.6033057717715993	5.11337671082959	4	246	18	28	0
-4.119525547445256	11.260763520678685	0.5867768530752144	5.11337671082959	4	246	18	28	0
-4.119525547445256	11.259862142099681	0.4710743922813266	5.11337671082959	4	246	18	28	0
-4.119525547445256	11.258960763520678	0.07438016405292586	5.11337671082959	4	246	18	28	0
-4.118613138686131	11.263467656415694	0.08264463088091682	5.11337671082959	4	246	18	28	0
-4.118613138686131	11.26256627783669	0.42975206562117035	5.11337671082959	4	246	18	28	0
-4.118613138686131	11.261664899257688	0.3801652796128217	5.11337671082959	4	246	18	28	0
-4.118613138686131	11.260763520678685	0.1570247874540441	5.11337671082959	4	246	18	28	0
-4.118613138686131	11.259862142099681	0.19008263980641085	5.11337671082959	4	246	18	28	0
-4.118613138686131	11.257158006362673	0.0530303020103305	5.11337671082959	4	246	18	28	0
-4.117700729927007	11.26256627783669	0.05785123787674249	5.11337671082959	4	246	18	28	0
-4.117700729927007	11.261664899257688	0.33884298287185965	5.11337671082959	4	246	18	28	0
-4.117700729927007	11.260763520678685	0.10743801640529259	5.11337671082959	4	246	18	28	0
-4.116788321167883	11.259862142099681	0.06611570470473345	5.11337671082959	4	246	18	28	0
-4.116788321167883	11.255355249204666	0.06611570470473345	5.11337671082959	4	246	18	28	0
-4.114963503649635	11.258960763520678	0.06611570470473345	5.11337671082959	4	246	18	28	0
-4.114051094890511	11.253552492046659	0.06611570470473345	5.11337671082959	4	246	18	28	0
-4.114051094890511	11.252651113467657	0.07438016405292586	5.11337671082959	4	246	18	28	0
-4.112226277372263	11.258960763520678	0.06060605890610639	5.11337671082959	4	246	18	28	0
-4.093978102189781	10.825397667020148	0.21487603281058518	14.9746857969822	5	256	19	41	0
-4.093978102189781	10.820890774125132	0.09917355705710018	14.9746857969822	5	256	19	41	0
-4.093065693430657	10.825397667020148	0.05785123787674249	14.9746857969822	5	256	19	41	0
-4.093065693430657	10.821792152704136	0.3305785235236673	14.9746857969822	5	256	19	41	0
-4.093065693430657	10.820890774125132	0.2479338851629519	14.9746857969822	5	256	19	41	0
-4.093065693430657	10.819989395546129	0.12396694258147595	14.9746857969822	5	256	19	41	0
-4.092153284671533	10.82269353128314	0.05785123787674249	14.9746857969822	5	256	19	41	0
-4.092153284671533	10.821792152704136	0.6446281283509497	14.9746857969822	5	256	19	41	0
-4.092153284671533	10.820890774125132	0.3553719015682445	14.9746857969822	5	256	19	41	0
-4.092153284671533	10.819989395546129	0.2479338851629519	14.9746857969822	5	256	19	41	0
-4.091240875912408	10.82269353128314	0.14049586875765932	14.9746857969822	5	256	19	41	0
-4.091240875912408	10.821792152704136	0.4958677703259038	14.9746857969822	5	256	19	41	0
-4.091240875912408	10.820890774125132	0.6280991498161764	14.9746857969822	5	256	19	41	0
-4.091240875912408	10.819989395546129	0.3140495749080882	14.9746857969822	5	256	19	41	0
-4.091240875912408	10.819088016967125	0.1969696942497702	14.9746857969822	5	256	19	41	0
-4.0903284671532845	10.825397667020148	0.21969697241689645	14.9746857969822	5	256	19	41	0
-4.0903284671532845	10.82269353128314	0.1742424310422411	14.9746857969822	5	256	19	41	0
-4.0903284671532845	10.821792152704136	0.598484832165288	14.9746857969822	5	256	19	41	0
-4.0903284671532845	10.820890774125132	0.49242425058402267	14.9746857969822	5	256	19	41	0
-4.0903284671532845	10.819989395546129	0.6818181654986213	14.9746857969822	5	256	19	41	0
-4.0903284671532845	10.819088016967125	0.1111111136043773	14.9746857969822	5	256	19	41	0
-4.089416058394161	10.82269353128314	0.2479338851629519	14.9746857969822	5	256	19	41	0
-4.089416058394161	10.821792152704136	0.4628099030139399	14.9746857969822	5	256	19	41	0
-4.089416058394161	10.820890774125132	0.6115702311197917	14.9746857969822	5	256	19	41	0
-4.089416058394161	10.819989395546129	0.6115702311197917	14.9746857969822	5	256	19	41	0
-4.089416058394161	10.819088016967125	0.06818181954178155	14.9746857969822	5	256	19	41	0
-4.088503649635037	10.82269353128314	0.19834711411420036	14.9746857969822	5	256	19	41	0
-4.088503649635037	10.821792152704136	0.38842973896101407	14.9746857969822	5	256	19	41	0
-4.088503649635037	10.820890774125132	0.19834711411420036	14.9746857969822	5	256	19	41	0
-4.088503649635037	10.819989395546129	0.2644628188189338	14.9746857969822	5	256	19	41	0
-4.087591240875913	10.823594909862141	0.16528926176183364	14.9746857969822	5	256	19	41	0
-4.087591240875913	10.82269353128314	0.5454545563342524	14.9746857969822	5	256	19	41	0
-4.087591240875913	10.821792152704136	0.5123967189414829	14.9746857969822	5	256	19	41	0
-4.087591240875913	10.820890774125132	0.22314049215877757	14.9746857969822	5	256	19	41	0
-4.087591240875913	10.819989395546129	0.38842973896101407	14.9746857969822	5	256	19	41	0
-4.086678832116788	10.82269353128314	0.14049586875765932	14.9746857969822	5	256	19	41	0
-4.086678832116788	10.821792152704136	0.08264463088091682	14.9746857969822	5	256	19	41	0
-4.086678832116788	10.820890774125132	0.14049586875765932	14.9746857969822	5	256	19	41	0
-4.086678832116788	10.819989395546129	0.05785123787674249	14.9746857969822	5	256	19	41	0
-4.085766423357664	10.81728525980912	0.09090909022910922	14.9746857969822	5	256	19	41	0
-4.08485401459854	11.303128313891834	0.11570247575348498	13.9567340882572	4	259	20	46	0
-4.08485401459854	10.820890774125132	0.05785123787674249	14.9746857969822	5	256	19	41	0
-4.083941605839416	11.306733828207847	0.09090909022910922	13.9567340882572	4	259	20	46	0
-4.083941605839416	11.304029692470838	0.09917355705710018	13.9567340882572	4	259	20	46	0
-4.083941605839416	11.303128313891834	0.09090909022910922	13.9567340882572	4	259	20	46	0
-4.083941605839416	11.30222693531283	0.1487603281058517	13.9567340882572	4	259	20	46	0
-4.083029197080291	11.304029692470838	0.21969697241689645	13.9567340882572	4	259	20	46	0
-4.083029197080291	11.303128313891834	0.18181818045821843	13.9567340882572	4	259	20	46	0
-4.083029197080291	11.30222693531283	0.25757574941597733	13.9567340882572	4	259	20	46	0
-4.083029197080291	11.301325556733827	0.3541666666666667	13.9567340882572	4	259	20	46	0
-4.0821167883211675	11.30493107104984	0.1322314094094669	13.9567340882572	4	259	20	46	0
-4.0821167883211675	11.304029692470838	0.7851239372702206	13.9567340882572	4	259	20	46	0
-4.0821167883211675	11.303128313891834	0.7438016405292586	13.9567340882572	4	259	20	46	0
-4.0821167883211675	11.30222693531283	0.6611570470473346	13.9567340882572	4	259	20	46	0
-4.0821167883211675	11.301325556733827	0.8030302758310355	13.9567340882572	4	259	20	46	0
-4.0821167883211675	11.300424178154824	0.12396694258147595	13.9567340882572	4	259	20	46	0
-4.081204379562044	11.30493107104984	0.2975206562117034	13.9567340882572	4	259	20	46	0
-4.081204379562044	11.304029692470838	0.7438016405292586	13.9567340882572	4	259	20	46	0
-4.081204379562044	11.303128313891834	0.8760330499387254	13.9567340882572	4	259	20	46	0
-4.081204379562044	11.30222693531283	0.7768594779220281	13.9567340882572	4	259	20	46	0
-4.081204379562044	11.301325556733827	0.5757575539981618	13.9567340882572	4	259	20	46	0
-4.081204379562044	11.300424178154824	0.19008263980641085	13.9567340882572	4	259	20	46	0
-4.08029197080292	11.305832449628843	0.07438016405292586	13.9567340882572	4	259	20	46	0
-4.08029197080292	11.30493107104984	0.20661157346239276	13.9567340882572	4	259	20	46	0
-4.08029197080292	11.304029692470838	0.40495868757659315	13.9567340882572	4	259	20	46	0
-4.08029197080292	11.303128313891834	0.53719009698606	13.9567340882572	4	259	20	46	0
-4.08029197080292	11.30222693531283	0.8181818345013787	13.9567340882572	4	259	20	46	0
-4.08029197080292	11.301325556733827	0.7878787769990808	13.9567340882572	4	259	20	46	0
-4.08029197080292	11.300424178154824	0.09090909022910922	13.9567340882572	4	259	20	46	0
-4.08029197080292	11.295917285259808	0.1322314094094669	13.9567340882572	4	259	20	46	0
-4.079379562043796	11.30493107104984	0.22314049215877757	13.9567340882572	4	259	20	46	0
-4.079379562043796	11.304029692470838	0.40495868757659315	13.9567340882572	4	259	20	46	0
-4.079379562043796	11.303128313891834	0.5041322595932904	13.9567340882572	4	259	20	46	0
-4.079379562043796	11.30222693531283	0.669421506395527	13.9567340882572	4	259	20	46	0
-4.079379562043796	11.301325556733827	0.34090908274931064	13.9567340882572	4	259	20	46	0
-4.079379562043796	11.296818663838812	0.1570247874540441	13.9567340882572	4	259	20	46	0
-4.079379562043796	11.295917285259808	0.2644628188189338	13.9567340882572	4	259	20	46	0
-4.078467153284672	11.30493107104984	0.14049586875765932	13.9567340882572	4	259	20	46	0
-4.078467153284672	11.304029692470838	0.30578511555989585	13.9567340882572	4	259	20	46	0
-4.078467153284672	11.303128313891834	0.40495868757659315	13.9567340882572	4	259	20	46	0
-4.078467153284672	11.30222693531283	0.3140495749080882	13.9567340882572	4	259	20	46	0
-4.078467153284672	11.297720042417815	0.14049586875765932	13.9567340882572	4	259	20	46	0
-4.078467153284672	11.296818663838812	0.06611570470473345	13.9567340882572	4	259	20	46	0
-4.077554744525547	11.30763520678685	0.05785123787674249	13.9567340882572	4	259	20	46	0
-4.077554744525547	11.304029692470838	0.21487603281058518	13.9567340882572	4	259	20	46	0
-4.077554744525547	11.303128313891834	0.09917355705710018	13.9567340882572	4	259	20	46	0
-4.077554744525547	11.296818663838812	0.06611570470473345	13.9567340882572	4	259	20	46	0
-4.073905109489051	10.878579003181336	0.3719008202646293	12.4113444368302	5	261	21	73	0
-4.073905109489051	10.877677624602333	0.0984848471248851	12.4113444368302	5	261	21	73	0
-4.072992700729927	10.878579003181336	0.1322314094094669	12.4113444368302	5	261	21	73	0
-4.072080291970803	10.87948038176034	0.1322314094094669	12.4113444368302	5	261	21	73	0
-4.072080291970803	10.877677624602333	0.06818181954178155	12.4113444368302	5	261	21	73	0
-4.071167883211679	10.877677624602333	0.0530303020103305	12.4113444368302	5	261	21	73	0
-4.071167883211679	10.87677624602333	0.07438016405292586	12.4113444368302	5	261	21	73	0
-4.069343065693431	10.87948038176034	0.07438016405292586	12.4113444368302	5	261	21	73	0
-4.068430656934306	10.880381760339342	0.12878787470798866	12.4113444368302	5	261	21	73	0
-4.068430656934306	10.87948038176034	0.3106060551662071	12.4113444368302	5	261	21	73	0
-4.068430656934306	10.878579003181336	0.07575757643755744	12.4113444368302	5	261	21	73	0
-4.068430656934306	10.872269353128313	0.106060604020661	12.4113444368302	5	261	21	73	0
-4.067518248175182	10.886691410392364	0.09917355705710018	12.4113444368302	5	261	21	73	0
-4.067518248175182	10.881283138918345	0.08264463088091682	12.4113444368302	5	261	21	73	0
-4.067518248175182	10.880381760339342	0.1570247874540441	12.4113444368302	5	261	21	73	0
-4.067518248175182	10.87948038176034	0.23140495150696996	12.4113444368302	5	261	21	73	0
-4.067518248175182	10.875874867444326	0.09090909022910922	12.4113444368302	5	261	21	73	0
-4.0666058394160585	10.883085896076352	0.3305785235236673	12.4113444368302	5	261	21	73	0
-4.0666058394160585	10.882184517497349	0.08264463088091682	12.4113444368302	5	261	21	73	0
-4.0666058394160585	10.881283138918345	0.05785123787674249	12.4113444368302	5	261	21	73	0
-4.0666058394160585	10.880381760339342	0.1487603281058517	12.4113444368302	5	261	21	73	0
-4.0666058394160585	10.87948038176034	0.4628099030139399	12.4113444368302	5	261	21	73	0
-4.0666058394160585	10.878579003181336	0.20661157346239276	12.4113444368302	5	261	21	73	0
-4.0666058394160585	10.877677624602333	0.30303030575022977	12.4113444368302	5	261	21	73	0
-4.0666058394160585	10.87677624602333	0.12396694258147595	12.4113444368302	5	261	21	73	0
-4.0666058394160585	10.875874867444326	0.10743801640529259	12.4113444368302	5	261	21	73	0
-4.0666058394160585	10.87407211028632	0.1570247874540441	12.4113444368302	5	261	21	73	0
-4.065693430656935	10.886691410392364	0.14049586875765932	12.4113444368302	5	261	21	73	0
-4.065693430656935	10.885790031813361	0.28099173751531864	12.4113444368302	5	261	21	73	0
-4.065693430656935	10.884888653234357	0.07575757643755744	12.4113444368302	5	261	21	73	0
-4.065693430656935	10.883085896076352	0.10743801640529259	12.4113444368302	5	261	21	73	0
-4.065693430656935	10.880381760339342	0.5454545563342524	12.4113444368302	5	261	21	73	0
-4.065693430656935	10.87948038176034	0.4380165249693627	12.4113444368302	5	261	21	73	0
-4.065693430656935	10.878579003181336	0.3140495749080882	12.4113444368302	5	261	21	73	0
-4.065693430656935	10.877677624602333	0.16666666666666666	12.4113444368302	5	261	21	73	0
-4.065693430656935	10.875874867444326	0.28099173751531864	12.4113444368302	5	261	21	73	0
-4.065693430656935	10.874973488865322	0.23140495150696996	12.4113444368302	5	261	21	73	0
-4.065693430656935	10.87407211028632	0.2975206562117034	12.4113444368302	5	261	21	73	0
-4.06478102189781	10.886691410392364	0.30578511555989585	12.4113444368302	5	261	21	73	0
-4.06478102189781	10.885790031813361	0.3471074422200521	12.4113444368302	5	261	21	73	0
-4.06478102189781	10.883987274655356	0.06611570470473345	12.4113444368302	5	261	21	73	0
-4.06478102189781	10.881283138918345	0.11570247575348498	12.4113444368302	5	261	21	73	0
-4.06478102189781	10.880381760339342	0.42975206562117035	12.4113444368302	5	261	21	73	0
-4.06478102189781	10.87948038176034	0.619834690467984	12.4113444368302	5	261	21	73	0
-4.06478102189781	10.878579003181336	0.5702479343788297	12.4113444368302	5	261	21	73	0
-4.06478102189781	10.877677624602333	0.14393938849954044	12.4113444368302	5	261	21	73	0
-4.06478102189781	10.87677624602333	0.06611570470473345	12.4113444368302	5	261	21	73	0
-4.06478102189781	10.875874867444326	0.1570247874540441	12.4113444368302	5	261	21	73	0
-4.06478102189781	10.874973488865322	0.12396694258147595	12.4113444368302	5	261	21	73	0
-4.063868613138686	10.881283138918345	0.09090909022910922	12.4113444368302	5	261	21	73	0
-4.063868613138686	10.880381760339342	0.07438016405292586	12.4113444368302	5	261	21	73	0
-4.063868613138686	10.87948038176034	0.36363636091643686	12.4113444368302	5	261	21	73	0
-4.063868613138686	10.877677624602333	0.1742424310422411	12.4113444368302	5	261	21	73	0
-4.063868613138686	10.875874867444326	0.3471074422200521	12.4113444368302	5	261	21	73	0
-4.063868613138686	10.874973488865322	0.21487603281058518	12.4113444368302	5	261	21	73	0
-4.063868613138686	10.87407211028632	0.19008263980641085	12.4113444368302	5	261	21	73	0
-4.062956204379562	10.877677624602333	0.07575757643755744	12.4113444368302	5	261	21	73	0
-4.062956204379562	10.87677624602333	0.16528926176183364	12.4113444368302	5	261	21	73	0
-4.062956204379562	10.875874867444326	0.05785123787674249	12.4113444368302	5	261	21	73	0
-4.062956204379562	10.87407211028632	0.12396694258147595	12.4113444368302	5	261	21	73	0
-4.062956204379562	10.873170731707317	0.12396694258147595	12.4113444368302	5	261	21	73	0
-4.062043795620438	10.886691410392364	0.25619835947074143	12.4113444368302	5	261	21	73	0
-4.061131386861314	10.877677624602333	0.13888889387542125	12.4113444368302	5	261	21	73	0
-4.061131386861314	10.768610816542948	0.14393938849954044	11.9803322313131	4	266	22	25	0
-4.060218978102189	10.883987274655356	0.07438016405292586	12.4113444368302	5	261	21	73	0
-4.060218978102189	10.877677624602333	0.12878787470798866	12.4113444368302	5	261	21	73	0
-4.059306569343065	10.883987274655356	0.18181818045821843	12.4113444368302	5	261	21	73	0
-4.059306569343065	10.882184517497349	0.2396694258147595	12.4113444368302	5	261	21	73	0
-4.059306569343065	10.881283138918345	0.10743801640529259	12.4113444368302	5	261	21	73	0
-4.059306569343065	10.76049840933192	0.18181818045821843	11.9803322313131	4	266	22	25	0
-4.0583941605839415	10.76049840933192	0.424242416082644	11.9803322313131	4	266	22	25	0
-4.0583941605839415	10.759597030752916	0.33884298287185965	11.9803322313131	4	266	22	25	0
-4.057481751824818	10.883085896076352	0.17355372111002604	12.4113444368302	5	261	21	73	0
-4.057481751824818	10.882184517497349	0.23140495150696996	12.4113444368302	5	261	21	73	0
-4.057481751824818	10.762301166489925	0.33884298287185965	11.9803322313131	4	266	22	25	0
-4.057481751824818	10.761399787910921	0.289256196863511	11.9803322313131	4	266	22	25	0
-4.057481751824818	10.76049840933192	0.4166666666666667	11.9803322313131	4	266	22	25	0
-4.057481751824818	10.759597030752916	0.21487603281058518	11.9803322313131	4	266	22	25	0
-4.056569343065693	10.882184517497349	0.2479338851629519	12.4113444368302	5	261	21	73	0
-4.056569343065693	10.881283138918345	0.20661157346239276	12.4113444368302	5	261	21	73	0
-4.056569343065693	10.880381760339342	0.16528926176183364	12.4113444368302	5	261	21	73	0
-4.056569343065693	10.762301166489925	0.479338851629519	11.9803322313131	4	266	22	25	0
-4.056569343065693	10.761399787910921	0.5702479343788297	11.9803322313131	4	266	22	25	0
-4.056569343065693	10.76049840933192	0.18939394483379288	11.9803322313131	4	266	22	25	0
-4.056569343065693	10.759597030752916	0.25619835947074143	11.9803322313131	4	266	22	25	0
-4.055656934306569	10.762301166489925	0.10743801640529259	11.9803322313131	4	266	22	25	0
-4.055656934306569	10.761399787910921	0.23140495150696996	11.9803322313131	4	266	22	25	0
-4.055656934306569	10.76049840933192	0.0530303020103305	11.9803322313131	4	266	22	25	0
-4.054744525547445	10.764103923647932	0.16528926176183364	11.9803322313131	4	266	22	25	0
-4.054744525547445	10.761399787910921	0.06611570470473345	11.9803322313131	4	266	22	25	0
-4.053832116788321	10.763202545068928	0.16666666666666666	11.9803322313131	4	266	22	25	0
-4.053832116788321	10.762301166489925	0.08333333333333333	11.9803322313131	4	266	22	25	0
-4.052919708029197	10.758695652173913	0.19008263980641085	11.9803322313131	4	266	22	25	0
-4.052007299270073	10.765005302226935	0.07438016405292586	11.9803322313131	4	266	22	25	0
-4.052007299270073	10.758695652173913	0.19008263980641085	11.9803322313131	4	266	22	25	0
-4.051094890510949	10.755991516436904	0.1322314094094669	11.9803322313131	4	266	22	25	0
-4.050182481751825	10.756892895015906	0.1322314094094669	11.9803322313131	4	266	22	25	0
-4.050182481751825	10.755991516436904	0.07438016405292586	11.9803322313131	4	266	22	25	0
-4.033759124087592	10.994856839872746	0.1742424310422411	7.20111833902632	4	278	23	45	0
-4.033759124087592	10.993054082714739	0.09090909022910922	7.20111833902632	4	278	23	45	0
-4.032846715328467	10.993054082714739	0.08264463088091682	7.20111833902632	4	278	23	45	0
-4.032846715328467	10.991251325556734	0.06611570470473345	7.20111833902632	4	278	23	45	0
-4.032846715328467	10.984040296924707	0.07438016405292586	7.20111833902632	4	278	23	45	0
-4.031934306569343	10.993054082714739	0.06611570470473345	7.20111833902632	4	278	23	45	0
-4.031934306569343	10.992152704135737	0.07438016405292586	7.20111833902632	4	278	23	45	0
-4.031934306569343	10.99034994697773	0.1487603281058517	7.20111833902632	4	278	23	45	0
-4.031934306569343	10.986744432661718	0.15151515287511488	7.20111833902632	4	278	23	45	0
-4.031021897810219	10.996659597030753	0.11363636091643689	7.20111833902632	4	278	23	45	0
-4.030109489051095	10.99575821845175	0.07438016405292586	7.20111833902632	4	278	23	45	0
-4.02919708029197	10.993054082714739	0.06611570470473345	7.20111833902632	4	278	23	45	0
-4.02919708029197	10.99034994697773	0.44628098431755514	7.20111833902632	4	278	23	45	0
-4.02919708029197	10.989448568398727	0.17355372111002604	7.20111833902632	4	278	23	45	0
-4.02919708029197	10.988547189819723	0.21487603281058518	7.20111833902632	4	278	23	45	0
-4.02919708029197	10.987645811240721	0.17355372111002604	7.20111833902632	4	278	23	45	0
-4.02919708029197	10.98494167550371	0.10743801640529259	7.20111833902632	4	278	23	45	0
-4.02919708029197	10.984040296924707	0.10743801640529259	7.20111833902632	4	278	23	45	0
-4.028284671532846	10.993955461293742	0.09090909022910922	7.20111833902632	4	278	23	45	0
-4.028284671532846	10.993054082714739	0.11570247575348498	7.20111833902632	4	278	23	45	0
-4.028284671532846	10.992152704135737	0.1322314094094669	7.20111833902632	4	278	23	45	0
-4.028284671532846	10.99034994697773	0.44628098431755514	7.20111833902632	4	278	23	45	0
-4.028284671532846	10.989448568398727	0.4132231469247855	7.20111833902632	4	278	23	45	0
-4.028284671532846	10.988547189819723	0.10743801640529259	7.20111833902632	4	278	23	45	0
-4.028284671532846	10.987645811240721	0.30578511555989585	7.20111833902632	4	278	23	45	0
-4.028284671532846	10.986744432661718	0.20454545862534468	7.20111833902632	4	278	23	45	0
-4.0273722627737225	10.994856839872746	0.09090909022910922	7.20111833902632	4	278	23	45	0
-4.0273722627737225	10.993955461293742	0.09917355705710018	7.20111833902632	4	278	23	45	0
-4.0273722627737225	10.993054082714739	0.12396694258147595	7.20111833902632	4	278	23	45	0
-4.0273722627737225	10.992152704135737	0.14049586875765932	7.20111833902632	4	278	23	45	0
-4.0273722627737225	10.99034994697773	0.11570247575348498	7.20111833902632	4	278	23	45	0
-4.0273722627737225	10.989448568398727	0.2479338851629519	7.20111833902632	4	278	23	45	0
-4.0273722627737225	10.988547189819723	0.21487603281058518	7.20111833902632	4	278	23	45	0
-4.0273722627737225	10.987645811240721	0.44628098431755514	7.20111833902632	4	278	23	45	0
-4.0273722627737225	10.986744432661718	0.0530303020103305	7.20111833902632	4	278	23	45	0
-4.026459854014599	10.993955461293742	0.2396694258147595	7.20111833902632	4	278	23	45	0
-4.026459854014599	10.993054082714739	0.08264463088091682	7.20111833902632	4	278	23	45	0
-4.026459854014599	10.992152704135737	0.19834711411420036	7.20111833902632	4	278	23	45	0
-4.026459854014599	10.991251325556734	0.07438016405292586	7.20111833902632	4	278	23	45	0
-4.026459854014599	10.99034994697773	0.05785123787674249	7.20111833902632	4	278	23	45	0
-4.025547445255475	10.994856839872746	0.12878787470798866	7.20111833902632	4	278	23	45	0
-4.025547445255475	10.992152704135737	0.16528926176183364	7.20111833902632	4	278	23	45	0
-4.024635036496351	10.994856839872746	0.08333333333333333	7.20111833902632	4	278	23	45	0
-4.024635036496351	10.992152704135737	0.14049586875765932	7.20111833902632	4	278	23	45	0
-4.022810218978102	10.993054082714739	0.25619835947074143	7.20111833902632	4	278	23	45	0
-4.010036496350365	10.71813361611877	0.08264463088091682	115.697935930256	5	280	24	46	0
-4.009124087591241	10.71813361611877	0.212121208041322	115.697935930256	5	280	24	46	0
-4.009124087591241	10.717232237539767	0.106060604020661	115.697935930256	5	280	24	46	0
-4.008211678832117	10.71813361611877	0.479338851629519	115.697935930256	5	280	24	46	0
-4.006386861313869	10.719034994697772	0.30578511555989585	115.697935930256	5	280	24	46	0
-4.005474452554744	10.71813361611877	0.18181818045821843	115.697935930256	5	280	24	46	0
-4.005474452554744	10.717232237539767	0.28099173751531864	115.697935930256	5	280	24	46	0
-4.00456204379562	10.71813361611877	0.1570247874540441	115.697935930256	5	280	24	46	0
-4.00456204379562	10.717232237539767	0.7685950185738357	115.697935930256	5	280	24	46	0
-4.00456204379562	10.716330858960763	0.3333333333333333	115.697935930256	5	280	24	46	0
-4.00456204379562	10.71542948038176	0.08264463088091682	115.697935930256	5	280	24	46	0
-4.0036496350364965	10.717232237539767	0.5454545563342524	115.697935930256	5	280	24	46	0
-4.0036496350364965	10.716330858960763	0.5075757793351715	115.697935930256	5	280	24	46	0
-4.0036496350364965	10.71542948038176	0.40495868757659315	115.697935930256	5	280	24	46	0
-4.002737226277373	10.717232237539767	0.16528926176183364	115.697935930256	5	280	24	46	0
-4.002737226277373	10.716330858960763	0.5681818345013787	115.697935930256	5	280	24	46	0
-4.002737226277373	10.71542948038176	0.28099173751531864	115.697935930256	5	280	24	46	0
-4.002737226277373	10.714528101802756	0.2975206562117034	115.697935930256	5	280	24	46	0
-4.001824817518248	10.716330858960763	0.34722221224915745	115.697935930256	5	280	24	46	0
-4.001824817518248	10.71542948038176	0.21969697241689645	115.697935930256	5	280	24	46	0
-4.000912408759124	10.716330858960763	0.22727272183287378	115.697935930256	5	280	24	46	0
-4.000912408759124	10.71542948038176	0.20661157346239276	115.697935930256	5	280	24	46	0
-4.000912408759124	10.714528101802756	0.42975206562117035	115.697935930256	5	280	24	46	0
-4.000912408759124	10.713626723223754	0.12396694258147595	115.697935930256	5	280	24	46	0
-4.	10.716330858960763	0.07575757643755744	115.697935930256	5	280	24	46	0
-4.	10.71542948038176	0.23140495150696996	115.697935930256	5	280	24	46	0
-4.	10.714528101802756	0.20661157346239276	115.697935930256	5	280	24	46	0
-4.	10.713626723223754	0.42975206562117035	115.697935930256	5	280	24	46	0
-3.999087591240876	10.71542948038176	0.22314049215877757	115.697935930256	5	280	24	46	0
-3.999087591240876	10.714528101802756	0.2644628188189338	115.697935930256	5	280	24	46	0
-3.999087591240876	10.713626723223754	0.3966942282284007	115.697935930256	5	280	24	46	0
-3.999087591240876	10.71272534464475	0.20661157346239276	115.697935930256	5	280	24	46	0
-3.9981751824817517	10.714528101802756	0.19834711411420036	115.697935930256	5	280	24	46	0
-3.9981751824817517	10.713626723223754	0.5537190156824449	115.697935930256	5	280	24	46	0
-3.9981751824817517	10.71272534464475	0.45454544366574756	115.697935930256	5	280	24	46	0
-3.9981751824817517	10.711823966065747	0.2479338851629519	115.697935930256	5	280	24	46	0
-3.9972627737226274	10.71542948038176	0.1487603281058517	115.697935930256	5	280	24	46	0
-3.9972627737226274	10.714528101802756	0.2727272781671262	115.697935930256	5	280	24	46	0
-3.9972627737226274	10.713626723223754	0.12396694258147595	115.697935930256	5	280	24	46	0
-3.9972627737226274	10.71272534464475	0.38842973896101407	115.697935930256	5	280	24	46	0
-3.9963503649635035	10.716330858960763	0.08333333333333333	115.697935930256	5	280	24	46	0
-3.9963503649635035	10.71542948038176	0.3801652796128217	115.697935930256	5	280	24	46	0
-3.9963503649635035	10.714528101802756	0.08264463088091682	115.697935930256	5	280	24	46	0
-3.9963503649635035	10.710922587486744	0.2396694258147595	115.697935930256	5	280	24	46	0
-3.9954379562043796	10.71542948038176	0.22314049215877757	115.697935930256	5	280	24	46	0
-3.9954379562043796	10.714528101802756	0.09090909022910922	115.697935930256	5	280	24	46	0